734 911
926 450
487 818
844 116
100 157
159 739
804 188
249 157
203 523
894 500
905 99
528 179
981 490
447 883
176 60
863 417
187 221
958 176
803 975
408 459
454 715
658 836
830 440
829 658
790 124
981 416
493 787
912 355
204 144
792 516
896 304
533 808
251 144
130 432
831 261
308 96
784 794
996 884
20 265
725 259
28 933
324 740
204 593
652 687
949 497
287 124
301 95
888 891
401 632
596 493
323 463
142 282
5 742
285 353
908 167
624 201
805 954
555 923
596 640
453 465
101 174
475 656
911 524
84 821
740 540
434 638
734 628
235 28
790 79
359 709
546 803
762 280
745 174
866 97
538 302
997 206
864 701
263 316
735 337
731 230
747 431
444 425
763 199
499 929
369 203
375 968
738 728
337 62
856 836
427 346
655 124
227 368
175 238
578 397
297 258
637 642
261 45
532 735
820 415
931 307
659 595
967 52
314 482
996 582
876 374
747 807
639 740
741 180
582 997
569 773
473 11
530 290
50 40
658 169
998 605
362 134
255 931
269 881
437 60
119 749
252 459
411 536
759 892
625 854
695 813
789 184
354 544
114 943
384 516
96 33
39 731
324 130
913 415
440 615
272 951
911 76
367 289
855 361
732 250
792 797
285 829
975 398
311 660
962 302
31 904
382 988
375 18
145 854
87 444
102 126
789 343
577 119
458 355
863 917
520 849
349 430
953 81
879 828
5 551
846 793
393 873
566 921
423 759
43 508
784 35
674 433
165 304
870 501
336 164
65 773
270 178
747 857
623 193
955 443
490 763
623 587
678 149
851 754
292 789
378 50
385 512
820 683
439 116
318 567
406 598
131 102
110 873
831 869
960 641
924 952
904 833
793 269
446 648
585 313
520 551
611 665
237 16
350 291
623 844
804 320
76 60
190 477
694 85
225 742
23 686
48 254
150 663
815 205
975 629
746 515
469 954
820 512
399 831
455 381
454 275
843 957
302 138
842 755
829 938
651 162
407 395
91 272
763 492
934 449
966 889
108 377
940 347
774 833
320 336
882 98
482 221
57 102
788 775
742 933
213 196
691 971
164 16
581 656
626 143
751 296
919 454
702 204
382 174
347 269
565 611
352 676
48 623
545 935
854 54
470 602
283 399
350 501
671 817
665 30
166 651
211 238
263 543
823 140
987 37
773 883
975 555
923 298
219 918
815 371
776 895
998 526
217 321
300 822
343 819
38 991
811 812
708 241
446 921
593 857
937 794
345 498
866 79
560 388
69 777
14 400
218 21
961 354
179 869
756 611
786 901
679 834
245 597
287 936
165 27
508 408
392 858
14 654
202 822
678 45
223 903
244 468
886 436
299 649
152 480
320 554
46 912
955 453
884 721
807 948
938 140
652 810
906 737
137 926
309 664
683 32
882 756
38 463
389 700
860 656
623 699
421 172
145 772
491 174
775 385
970 18
72 925
944 351
121 185
135 995
78 700
675 247
897 23
976 172
40 531
715 27
690 483
631 712
824 304
545 30
926 59
577 589
977 26
88 892
81 444
10 900
849 37
46 191
80 457
451 845
479 157
467 197
831 845
105 399
289 778
411 97
550 287
441 15
966 829
277 767
565 980
26 877
235 766
359 658
720 677
268 345
210 257
812 867
435 198
371 969
799 459
637 939
203 777
868 578
922 180
580 777
858 206
825 590
452 309
168 481
772 246
73 956
908 447
377 766
83 120
837 571
735 66
861 288
86 927
631 134
333 722
192 269
934 637
126 699
757 53
852 55
963 3
1 368
731 830
735 229
829 755
344 13
6 709
109 305
83 766
785 479
610 814
683 95
13 521
363 751
367 57
508 221
267 441
379 272
677 945
1000 916
512 280
704 613
828 142
872 452
255 30
257 337
536 627
468 408
105 764
457 550
738 814
719 294
114 726
427 528
767 843
684 463
997 906
279 408
485 322
455 969
719 213
844 935
885 784
81 458
690 965
704 647
904 539
20 266
170 815
969 790
34 840
959 432
709 322
138 936
446 558
678 345
331 670
515 153
572 758
981 474
143 332
635 426
128 112
635 568
864 749
918 181
873 66
881 489
419 319
469 695
899 845
743 525
756 315
746 187
601 579
746 701
39 197
490 309
873 613
257 374
951 769
524 54
581 875
773 964
462 722
313 370
555 452
657 929
540 190
560 331
82 394
371 66
214 764
825 359
889 959
986 973
467 603
894 172
383 302
314 464
749 126
468 546
894 369
407 530
206 943
289 343
526 73
822 948
275 158
412 877
609 624
769 876
935 1
1 412
892 918
610 278
602 397
811 783
453 408
246 603
289 715
104 1000
25 998
853 560
150 159
66 481
578 252
70 553
75 713
198 154
676 58
111 835
689 485
583 743
216 589
814 605
595 599
876 90
732 522
989 722
125 759
122 720
27 353
943 827
753 593
471 606
886 828
936 111
979 721
11 741
676 586
174 586
64 540
924 328
137 993
497 420
321 397
801 188
793 406
220 569
627 595
204 800
427 835
429 95
175 497
348 253
766 517
675 533
812 222
537 255
837 919
697 801
89 343
227 47
812 624
18 146
103 885
392 455
664 50
680 628
880 913
597 360
257 712
227 968
816 401
257 459
342 739
603 343
624 283
219 907
989 497
291 650
470 208
482 153
221 685
909 54
341 396
508 35
343 409
469 751
779 920
352 113
118 931
903 380
265 243
284 294
792 806
164 919
552 688
139 480
994 771
759 3
598 736
95 810
249 276
115 612
165 501
141 458
897 256
950 460
218 380
828 786
561 308
944 703
262 441
303 399
882 789
466 526
754 118
392 413
540 667
629 452
930 586
750 706
60 832
842 483
449 60
974 811
95 708
649 919
593 629
315 660
810 313
223 447
641 550
500 311
196 355
971 519
369 953
692 634
290 620
9 519
329 449
152 533
419 476
74 219
768 273
817 793
154 607
300 721
325 167
245 729
923 576
868 27
792 32
114 621
797 386
856 210
907 866
607 161
610 342
517 831
826 749
930 439
296 981
205 701
128 848
143 660
171 739
739 143
217 783
913 790
58 87
749 897
851 179
117 695
246 980
289 77
39 300
956 500
140 874
783 927
122 687
517 18
28 98
375 441
667 769
520 652
592 302
48 351
38 328
769 879
947 290
956 972
248 845
126 312
310 777
665 344
319 697
737 387
6 760
145 664
624 31
958 18
420 484
559 184
369 281
645 600
759 223
29 130
624 205
759 829
259 348
910 860
376 208
651 564
56 148
94 490
998 68
351 407
145 970
147 61
239 682
184 903
950 541
946 308
632 918
635 303
92 154
624 979
690 513
90 944
263 841
369 391
404 328
