906 194
544 753
325 93
795 331
908 194
590 262
26 946
828 138
546 22
80 545
975 11
299 39
698 638
921 508
69 719
711 950
918 103
177 52
167 901
470 496
561 369
138 122
868 33
6 241
210 240
891 704
428 59
295 780
95 43
513 891
801 568
61 250
561 779
878 680
669 88
6 994
215 509
407 135
238 450
552 670
383 926
461 442
365 150
189 39
365 135
17 386
296 85
756 940
660 715
268 955
331 677
511 249
260 257
561 343
64 259
356 479
891 128
397 591
20 608
200 996
404 941
105 903
361 327
819 986
648 831
509 388
197 348
966 465
346 690
178 462
886 954
974 671
245 324
261 571
32 875
538 999
932 101
612 358
671 736
534 555
288 260
517 290
171 421
765 574
7 492
927 586
829 602
231 429
301 819
851 651
17 248
85 29
600 691
886 813
702 901
65 901
519 530
451 161
644 34
234 856
483 49
405 250
869 93
873 475
646 634
912 850
788 20
827 622
329 794
721 139
277 607
431 959
839 885
803 943
577 725
747 112
424 472
934 455
656 229
641 613
283 465
913 162
919 15
191 617
94 921
44 748
550 692
284 827
602 923
361 409
803 965
138 786
820 146
220 546
442 845
400 230
127 948
340 392
654 393
876 970
809 334
687 646
628 912
607 343
219 774
201 215
523 530
935 384
54 373
275 245
504 320
36 222
473 152
404 51
770 757
613 590
256 448
750 480
8 161
940 333
616 843
371 944
165 428
88 854
679 206
939 462
216 440
145 648
143 839
73 663
403 631
769 749
52 254
646 984
247 695
451 294
466 725
666 729
226 579
693 357
619 776
424 266
434 632
421 104
286 457
185 547
864 192
322 63
323 377
774 140
411 542
79 591
674 137
342 143
872 945
4 819
50 686
2 326
136 15
5 262
180 251
179 390
620 326
526 491
454 510
667 758
873 805
534 880
116 3
692 476
460 514
156 957
623 629
699 228
21 271
922 788
262 337
893 817
967 969
370 69
396 195
972 499
336 334
60 398
839 224
822 119
792 28
691 202
784 9
857 377
570 115
348 37
383 989
397 577
729 323
252 284
654 429
257 292
714 738
181 368
906 826
975 242
310 665
291 124
45 106
669 611
15 454
902 675
931 969
142 19
377 591
904 693
189 956
538 672
135 512
477 867
177 235
561 446
445 539
370 880
307 522
774 791
153 635
468 457
417 970
684 407
735 83
474 579
58 927
818 420
994 457
960 82
469 873
347 350
808 694
451 791
509 189
530 272
842 284
332 794
861 699
53 747
976 949
374 486
200 184
225 616
984 840
613 79
501 777
580 413
362 732
532 824
2 769
754 947
24 594
698 461
388 877
575 951
701 723
550 179
284 810
583 818
373 109
754 732
156 297
660 776
964 155
174 858
141 769
978 644
682 467
727 776
573 938
1000 712
531 267
633 914
651 614
432 242
333 345
792 4
608 722
667 488
925 603
391 112
399 202
951 376
897 804
177 554
323 216
371 638
448 791
765 119
514 837
382 237
347 871
847 367
379 576
516 727
621 866
78 353
30 329
476 603
967 573
179 863
430 862
847 749
643 409
805 580
651 821
835 701
797 968
40 21
81 402
898 455
534 516
911 801
728 829
807 925
692 343
814 442
541 491
233 768
136 572
610 723
389 765
112 113
8 509
474 342
500 455
883 675
695 39
993 75
300 296
306 789
926 840
7 693
246 604
858 933
492 581
422 399
888 470
602 698
540 9
913 482
15 293
328 107
508 306
931 948
562 577
575 510
334 922
155 171
585 31
85 7
856 730
597 729
543 221
557 611
171 303
182 381
920 803
597 438
977 542
712 463
817 300
472 414
707 110
495 55
409 805
589 28
106 192
896 138
557 433
68 197
109 495
599 801
735 823
614 580
830 247
693 446
801 269
809 477
749 898
407 984
563 93
860 441
727 932
694 590
947 172
552 392
520 788
135 403
963 363
655 82
401 520
84 926
958 623
39 411
563 909
622 688
770 634
413 595
329 696
495 142
162 854
395 77
338 693
108 307
637 897
323 505
299 468
219 18
916 116
69 295
855 599
181 208
729 951
949 513
334 661
865 208
633 446
235 547
421 748
270 567
952 228
860 209
244 97
620 676
584 778
650 494
261 654
920 961
688 361
950 450
999 270
471 84
601 722
428 807
577 397
585 428
669 119
101 555
463 83
199 161
944 744
646 653
464 83
48 202
443 440
813 269
676 883
1 899
526 138
309 422
350 963
229 557
163 593
352 963
866 435
805 446
704 585
983 276
233 458
840 684
688 740
894 177
236 471
555 888
726 882
932 240
365 500
71 16
390 185
484 682
628 663
168 781
180 914
914 382
867 723
536 916
673 897
493 369
332 214
266 653
973 545
901 559
164 708
655 5
970 796
443 710
775 748
737 162
291 596
943 47
485 257
245 207
280 466
859 938
902 564
867 611
619 792
559 673
711 24
95 903
981 128
599 726
10 773
869 100
245 283
582 800
742 143
30 23
128 126
330 179
974 153
822 850
716 162
605 412
934 83
501 545
643 521
592 389
143 319
295 460
677 126
855 310
110 352
136 933
918 612
267 880
906 116
431 551
948 235
443 99
705 300
366 789
737 224
716 826
106 110
532 589
605 683
290 501
877 846
805 831
78 110
277 351
688 284
916 941
30 284
448 685
937 673
865 311
233 413
672 428
709 383
864 957
217 16
560 746
497 289
888 658
51 93
718 816
5 613
709 801
826 484
378 76
681 275
98 101
877 787
99 96
843 4
656 816
367 333
23 559
276 747
587 965
811 467
483 113
857 675
679 860
691 822
344 924
535 761
483 607
280 719
442 707
817 736
173 246
793 23
561 577
693 535
750 271
995 612
752 776
98 473
560 586
308 32
366 864
597 167
973 312
119 206
383 368
264 835
521 986
93 422
237 838
955 786
295 146
277 575
263 839
663 183
385 95
981 392
729 415
697 616
700 15
251 176
114 423
757 679
190 481
512 859
722 387
313 927
233 387
32 978
950 289
978 210
781 604
249 275
52 124
470 260
54 511
435 210
131 891
269 728
20 881
883 33
629 324
603 921
416 385
101 73
43 185
559 90
954 327
999 537
834 202
559 227
422 121
740 218
772 386
863 696
968 322
287 451
625 838
857 830
978 83
976 582
44 503
598 472
828 233
887 829
9 147
408 986
924 827
801 264
565 42
59 490
534 692
186 790
130 979
665 482
256 311
721 697
768 668
926 969
597 338
663 930
750 130
930 452
244 943
960 752
489 797
926 730
314 294
879 438
301 360
777 125
685 164
30 338
620 499
439 643
870 860
212 767
969 966
971 339
308 904
638 412
935 618
382 311
61 483
291 40
442 44
327 189
936 482
825 573
983 929
231 387
649 129
949 343
71 88
81 311
725 842
522 134
327 814
11 813
111 68
621 613
400 711
72 80
423 943
241 180
891 810
25 594
414 405
741 232
102 671
362 301
699 523
586 501
134 449
210 688
524 266
121 583
888 756
69 857
818 162
219 351
952 123
391 119
893 37
7 636
936 667
138 401
807 267
65 312
890 658
325 437
740 306
36 998
860 4
389 21
709 399
950 523
544 454
367 364
178 122
701 255
66 421
487 476
135 567
428 233
114 153
41 55
238 58
900 72
152 1
970 517
854 102
833 943
401 304
274 376
212 385
577 771
392 78
74 661
445 28
601 381
441 32
292 953
919 161
117 866
275 719
418 361
575 791
757 827
149 756
901 582
297 505
435 132
318 584
917 155
581 117
869 896
739 506
329 159
753 726
88 342
534 557
111 266
143 228
870 392
992 771
735 428
108 961
247 379
116 843
40 522
835 921
200 191
240 233
649 627
643 329
560 506
628 346
180 530
701 256
676 360
52 925
162 736
926 547
697 67
705 847
191 502
913 375
438 790
43 553
945 806
300 448
357 690
256 183
264 555
195 216
888 180
274 502
108 104
767 81
553 625
845 807
990 893
340 466
802 891
387 733
231 99
383 733
734 448
498 910
882 69
14 150
403 395
942 287
606 557
65 601
129 755
606 145
854 392
575 719
890 371
267 753
74 735
743 393
108 51
869 516
368 285
239 226
165 101
660 546
251 993
