637 485
130 25
388 803
439 439
5 344
17 990
357 303
519 447
942 803
629 745
366 609
726 357
940 571
773 933
248 213
331 759
771 578
76 469
365 503
936 364
818 506
622 325
33 725
349 211
581 956
241 708
913 234
754 595
200 579
459 862
952 321
804 284
343 295
210 65
288 853
211 25
134 483
510 8
716 276
802 776
135 475
91 496
79 53
359 758
401 960
617 813
41 568
288 268
188 978
448 949
975 59
497 981
519 278
223 563
805 87
589 407
53 335
902 728
15 600
829 816
832 138
837 909
540 741
171 767
948 435
107 451
852 274
663 640
14 132
874 345
886 804
832 178
155 138
687 70
466 599
898 78
603 350
718 346
248 499
38 706
222 663
91 839
505 809
749 552
607 624
372 406
56 129
95 37
962 426
789 403
912 402
970 191
371 62
703 93
46 878
38 138
848 522
642 338
979 135
176 360
132 607
458 876
565 239
931 987
73 210
694 686
309 541
620 456
736 136
648 962
74 506
318 718
137 308
376 597
363 311
489 888
294 24
69 57
508 437
984 655
454 202
530 500
25 437
37 822
101 254
613 206
559 983
884 287
681 473
686 854
927 88
868 637
722 185
574 219
491 189
412 200
728 127
966 222
137 12
247 627
12 505
247 777
404 215
693 101
385 300
617 733
206 570
474 655
13 482
773 592
86 734
714 581
933 676
828 264
133 854
526 20
492 600
41 254
367 496
636 75
955 695
587 527
558 443
187 40
979 866
312 594
852 358
839 991
61 989
43 881
544 637
656 841
677 248
277 418
264 686
152 253
350 146
252 78
512 476
206 731
27 938
570 781
17 921
378 800
237 137
733 259
669 412
159 357
871 880
518 69
8 647
669 492
415 5
691 177
181 74
824 83
277 778
535 124
840 96
235 451
979 270
771 587
371 208
615 809
520 940
603 25
41 236
366 939
998 723
359 184
488 122
101 632
762 442
595 838
678 432
154 193
104 835
441 171
566 86
916 587
95 560
904 116
540 652
645 342
622 538
842 170
166 848
493 607
85 91
362 763
525 571
131 856
540 358
898 376
543 520
885 465
974 174
233 469
269 140
112 480
287 230
104 418
162 889
717 224
997 392
588 576
236 200
538 275
909 50
54 487
112 985
70 465
920 578
894 102
631 23
306 877
207 589
252 576
621 522
401 360
872 570
7 696
825 280
905 145
589 790
234 971
339 493
18 693
50 614
447 387
164 57
305 872
134 389
743 567
730 331
515 279
335 105
711 81
690 188
315 484
780 437
956 733
813 394
226 628
967 519
539 82
344 884
378 663
375 479
891 290
246 567
821 504
907 330
371 894
336 523
215 632
478 621
532 702
273 334
599 204
399 253
322 589
619 534
603 73
174 355
297 805
828 499
273 224
121 365
434 114
803 359
72 196
248 475
65 743
182 479
920 574
876 744
752 21
495 133
160 15
585 46
966 346
922 804
782 188
781 193
563 517
468 913
709 293
171 85
702 333
605 35
695 613
354 248
741 744
797 202
57 342
131 95
166 679
246 106
97 35
998 277
121 230
910 941
83 611
144 174
830 354
306 656
722 737
456 176
539 125
228 403
981 785
811 18
855 783
599 607
738 572
944 837
532 473
457 615
490 814
814 793
684 412
635 559
269 614
79 276
621 130
81 100
778 246
532 746
612 651
39 644
426 276
176 473
130 374
752 577
213 861
754 531
168 568
324 990
277 694
521 819
824 845
121 575
685 399
458 48
891 376
816 491
26 852
898 777
9 45
104 424
682 647
362 696
189 542
441 119
711 944
563 841
340 430
104 81
550 581
565 562
928 102
697 711
747 365
945 142
466 136
126 915
268 725
714 975
49 533
377 794
720 369
45 360
264 603
976 733
75 914
156 601
989 254
246 720
14 700
381 293
112 513
619 549
828 145
552 833
226 55
65 114
273 896
232 89
455 939
738 822
750 890
183 579
652 164
586 841
839 359
542 289
537 974
825 886
506 775
733 217
736 746
640 589
692 967
848 652
620 130
629 980
56 316
206 564
227 299
367 838
949 339
248 690
454 139
226 871
227 538
886 751
383 420
843 824
11 177
640 398
928 969
503 965
502 525
496 992
437 9
304 905
617 374
688 155
520 6
88 910
238 405
122 63
212 647
747 214
193 290
203 92
214 487
780 331
502 631
538 708
610 351
590 460
55 916
415 103
299 970
315 114
803 792
956 890
436 833
349 172
790 991
993 138
285 448
598 770
1000 570
517 648
382 61
718 761
981 475
768 117
614 296
56 36
267 444
450 524
691 551
578 27
710 448
99 285
945 388
132 90
628 7
285 974
300 889
705 377
317 736
317 425
539 36
181 404
882 514
68 753
392 925
38 625
988 963
763 350
485 994
788 350
235 290
99 300
971 830
148 643
177 922
530 558
912 222
980 841
810 721
961 750
285 620
361 822
628 900
231 21
822 602
968 704
607 403
932 349
221 687
50 163
454 144
121 654
212 747
767 294
476 359
436 399
671 676
6 591
320 592
549 669
549 611
946 292
544 235
510 603
108 457
814 192
763 332
196 757
494 726
460 812
508 979
829 289
412 714
442 808
957 112
475 607
921 122
573 502
731 511
157 15
695 842
206 734
551 922
331 279
504 134
164 490
626 542
874 909
840 552
190 322
651 457
454 350
237 108
913 709
327 735
334 261
525 28
235 340
992 755
586 181
145 58
512 319
575 368
580 434
320 442
174 808
205 251
248 161
446 285
727 524
31 682
5 2
300 904
889 657
416 515
610 561
92 276
66 820
694 253
29 341
955 764
175 342
969 322
860 263
721 61
646 426
457 518
397 181
701 819
591 997
85 678
896 637
225 957
455 982
205 994
421 341
39 735
365 472
655 429
420 55
127 898
