854 386
580 21
164 511
905 736
83 47
296 972
732 904
979 565
523 461
17 847
533 41
930 918
96 739
518 226
918 317
815 200
510 750
540 726
514 742
494 117
207 44
356 96
7 726
696 71
217 296
891 646
298 346
579 400
637 506
161 970
290 595
682 445
883 455
846 561
474 770
909 134
654 85
673 354
697 292
287 938
607 605
721 558
589 520
369 69
857 926
436 387
617 512
82 58
319 881
42 20
989 48
354 49
849 479
934 72
415 530
532 808
662 146
260 105
897 943
917 501
400 270
311 901
869 697
482 395
764 844
300 430
223 970
480 354
46 692
199 353
858 338
688 251
997 6
813 955
935 530
751 917
561 355
878 406
659 805
417 123
998 935
746 914
966 53
148 773
678 556
853 405
574 165
859 985
864 865
100 125
899 503
515 826
540 688
310 43
112 368
480 430
396 925
129 586
2 83
840 760
331 867
419 580
269 982
420 326
507 780
42 280
29 429
743 595
47 353
213 738
828 436
414 681
353 532
945 429
723 648
99 345
794 944
364 94
975 659
230 604
267 617
248 718
550 669
384 89
999 894
979 761
679 873
90 986
948 285
242 819
855 547
761 71
212 391
593 897
709 221
622 518
64 325
168 616
958 525
626 497
593 40
547 131
267 546
328 69
324 41
424 921
969 498
45 355
628 237
354 227
984 267
980 253
218 222
284 940
847 196
367 232
139 831
895 25
385 322
264 640
914 521
616 454
754 840
72 243
659 567
650 123
921 539
286 183
954 146
264 146
629 779
734 163
534 916
13 715
401 693
800 770
540 344
513 519
353 761
47 214
82 6
4 949
368 259
373 479
248 532
364 150
483 981
664 903
246 124
393 852
154 233
756 770
339 306
197 283
652 310
653 737
341 589
803 197
78 660
115 451
771 303
546 342
165 540
463 821
12 546
337 514
448 164
262 166
406 76
772 272
498 589
620 293
1 457
712 968
216 450
816 531
3 946
450 448
170 847
938 394
683 688
877 456
879 81
428 465
602 170
50 27
212 928
556 447
637 897
167 699
578 66
200 222
616 797
807 387
93 210
560 136
211 937
146 810
405 441
300 220
661 699
973 834
810 912
209 308
10 874
563 241
649 467
828 962
335 881
960 562
280 263
400 919
308 623
991 923
479 294
951 728
439 657
273 166
514 94
441 239
929 726
75 901
447 893
836 131
574 900
541 74
249 447
751 51
851 991
422 564
226 286
884 874
490 635
89 179
247 93
926 824
811 642
421 161
604 600
618 763
988 71
8 281
268 516
64 232
872 626
257 50
269 689
200 635
201 579
731 938
248 234
655 338
192 86
141 129
291 931
489 82
660 376
504 607
154 893
426 449
708 24
337 264
211 979
941 511
873 141
92 41
379 391
326 895
413 789
58 409
955 600
899 498
869 236
178 963
794 10
272 887
99 517
550 432
911 189
66 845
776 2
869 109
108 342
835 766
108 659
101 242
932 262
119 988
916 489
688 819
647 654
943 630
643 40
673 660
947 897
826 202
65 470
937 802
502 998
56 563
438 892
660 849
673 968
848 778
327 385
20 830
707 286
616 609
494 671
722 731
334 579
514 488
961 76
573 297
51 823
598 64
491 725
993 930
171 648
387 887
301 488
7 242
875 243
36 933
939 174
93 564
110 169
701 145
717 10
114 610
16 973
746 969
3 856
667 586
168 171
793 444
569 450
849 210
131 383
525 902
422 398
300 696
37 410
192 877
931 755
214 954
33 436
332 754
239 610
185 256
329 771
580 829
169 680
465 601
328 453
284 74
269 658
981 277
384 9
789 517
50 307
686 487
707 932
121 548
78 622
237 674
280 926
154 977
847 373
957 345
347 156
278 294
468 174
627 173
419 520
895 945
428 94
926 810
924 885
98 232
974 607
744 10
140 369
716 698
636 896
831 648
283 596
674 251
320 384
3 997
342 43
286 760
103 84
983 382
491 303
386 847
689 331
782 186
699 595
158 734
184 104
785 901
771 47
138 657
56 240
813 14
69 923
703 378
836 243
178 146
758 573
714 218
230 463
351 857
318 246
909 727
441 155
111 789
118 244
619 538
282 126
210 180
319 805
212 989
183 493
864 146
291 558
550 348
173 470
152 376
331 408
37 728
234 577
629 86
832 533
740 785
957 340
687 460
240 886
481 125
946 847
540 964
432 380
73 782
56 509
833 150
259 487
435 869
723 679
547 391
361 853
946 398
813 136
261 509
436 380
357 35
23 73
706 943
47 318
953 310
969 617
899 336
848 407
317 516
607 171
416 518
197 497
267 675
729 304
535 818
53 450
277 895
847 355
313 979
652 256
927 12
279 889
892 342
346 19
623 510
176 491
963 304
672 640
420 659
184 334
285 917
87 446
818 142
734 514
144 8
470 536
810 71
634 494
357 539
83 71
154 982
670 965
105 805
760 564
508 955
584 364
632 436
110 159
421 909
874 825
373 221
350 577
403 249
866 689
250 689
944 615
856 814
590 846
7 576
541 681
550 997
939 491
238 665
204 478
419 1
786 782
544 713
648 581
503 535
384 332
185 855
52 757
747 594
849 359
801 522
775 85
237 649
430 987
551 88
666 418
396 893
169 367
732 915
617 970
736 482
350 943
580 746
504 31
844 3
484 403
454 771
194 10
749 217
637 283
83 26
324 425
173 753
805 417
743 614
976 97
218 96
418 329
850 825
374 430
347 141
380 170
335 218
762 397
64 807
397 123
121 151
617 3
32 124
157 447
308 349
695 436
755 233
459 58
668 152
168 699
239 319
253 842
684 264
703 588
942 726
125 634
511 956
141 453
707 785
706 387
200 549
332 677
154 315
32 286
873 458
817 795
247 738
335 376
629 428
158 746
88 425
939 982
215 288
23 502
535 372
167 252
421 694
740 834
922 378
12 305
293 228
843 740
658 7
449 296
998 934
370 506
764 848
477 575
483 599
95 352
856 639
256 960
500 779
120 380
673 460
454 499
587 410
303 752
992 829
449 761
919 883
467 554
603 61
190 445
668 35
4 845
978 656
779 637
491 107
992 841
990 31
678 322
170 730
505 983
886 309
941 950
804 420
661 178
329 320
118 379
250 353
763 235
26 673
721 900
425 96
106 622
942 944
31 574
817 252
505 221
631 566
240 962
193 935
649 879
31 34
527 663
956 338
960 956
360 812
949 565
17 125
711 347
418 605
253 6
590 345
76 177
227 638
298 40
31 513
112 10
600 48
802 5
804 828
256 285
765 193
605 637
390 735
731 188
972 302
860 588
190 828
844 133
494 866
450 899
835 961
559 106
361 65
312 864
580 692
543 413
924 267
52 97
489 939
73 691
312 711
690 923
279 480
525 412
405 846
577 718
332 677
124 500
683 528
613 589
269 882
992 383
200 298
906 316
475 9
298 192
737 190
175 522
532 739
932 181
450 872
591 682
488 19
292 471
653 465
48 15
107 265
321 2
335 95
143 36
557 699
55 113
736 211
744 289
165 790
773 649
176 634
700 99
236 749
593 20
128 907
189 618
302 726
657 576
863 133
780 221
123 208
579 591
796 175
984 365
799 88
246 948
775 477
743 427
525 543
41 133
110 551
997 802
585 932
209 811
589 986
102 811
571 544
175 783
969 909
598 84
334 956
152 640
594 216
298 114
509 890
595 500
921 200
404 507
27 647
524 496
290 752
177 228
336 268
298 249
883 55
314 233
510 815
950 886
97 244
365 80
601 174
259 43
629 967
754 748
472 706
800 334
334 991
514 372
65 164
832 942
582 107
238 5
97 403
913 173
772 807
207 480
719 535
779 739
350 557
239 849
940 147
906 917
876 386
492 601
62 41
148 714
234 545
331 715
722 818
610 901
