992 823
941 801
675 613
304 993
968 806
173 564
269 469
24 522
76 997
75 697
222 545
764 793
513 884
505 254
438 156
625 734
806 752
304 836
182 405
621 995
304 572
850 880
191 370
261 715
922 233
400 756
432 563
314 809
226 167
219 85
889 240
964 880
421 560
391 230
923 567
902 648
107 73
658 167
929 94
24 957
518 72
247 278
221 882
947 150
92 73
970 197
995 753
212 367
168 587
908 263
244 944
672 42
226 449
345 195
840 69
249 39
623 689
192 693
216 961
381 481
465 484
162 360
887 671
22 373
378 250
729 152
808 38
905 3
202 14
490 456
772 814
646 307
626 915
872 703
907 302
109 525
929 401
211 3
426 350
904 684
371 688
708 281
827 982
711 437
790 954
709 188
132 955
66 143
739 450
819 384
372 941
231 541
187 175
320 613
813 292
304 491
6 265
750 138
292 523
714 305
707 925
868 199
845 303
513 682
215 830
518 857
370 814
894 511
711 207
126 777
865 40
990 592
263 610
916 680
466 55
39 451
658 375
604 847
126 111
589 416
628 219
264 861
134 535
31 682
499 327
228 140
865 625
485 739
220 992
395 451
700 905
268 229
690 150
343 739
294 851
549 880
769 464
779 867
304 471
750 815
762 678
511 523
743 362
830 508
267 350
884 551
257 273
996 199
614 564
649 912
161 154
21 761
155 777
135 460
859 765
194 717
870 502
545 577
357 699
146 993
801 467
664 257
558 741
335 600
595 927
665 41
461 52
692 236
924 399
541 428
54 673
507 453
914 165
316 592
764 297
886 136
625 406
13 204
742 868
155 460
149 524
18 279
459 44
474 348
322 744
236 150
681 510
993 813
943 412
629 747
28 535
204 35
873 532
114 268
581 762
378 38
637 32
14 613
208 376
56 345
193 12
888 366
156 458
146 350
993 518
448 488
955 479
730 393
448 642
605 320
951 266
701 413
56 552
735 3
844 452
566 257
336 937
745 171
979 421
537 513
843 168
885 660
38 60
281 394
857 568
681 42
55 519
101 458
976 716
94 524
36 526
405 389
119 34
276 877
563 435
253 376
245 934
890 566
647 483
340 537
102 504
914 116
71 853
43 308
741 315
970 201
329 895
361 75
367 615
842 542
801 270
5 826
129 294
9 349
398 583
820 442
101 363
838 775
926 360
945 750
681 340
665 286
520 808
165 135
798 355
640 950
906 410
404 171
308 60
809 761
357 320
884 781
581 567
819 876
808 837
41 989
614 785
391 682
563 830
565 605
426 181
940 389
283 393
486 817
277 993
416 118
262 312
699 711
211 349
207 562
421 691
561 329
9 719
194 397
621 239
770 380
163 109
18 399
446 251
955 651
496 519
980 154
999 94
75 453
646 505
321 503
831 812
794 923
926 754
284 975
697 501
39 139
344 26
43 427
288 891
255 702
175 812
173 965
307 304
534 531
727 901
956 271
26 655
570 99
977 582
131 614
588 471
437 614
307 867
330 425
147 420
496 759
732 680
545 879
48 303
316 9
678 751
876 661
277 496
493 887
732 358
428 253
588 43
945 750
439 58
848 311
357 384
428 990
301 144
508 27
693 801
32 164
128 623
320 814
446 266
415 727
234 338
955 39
98 590
598 324
233 344
285 715
230 692
100 861
906 515
401 498
157 671
249 735
774 473
669 372
952 887
455 851
36 931
925 733
10 543
926 148
766 322
247 21
765 599
373 488
993 61
262 781
224 721
286 692
512 349
244 712
92 461
560 418
570 748
864 10
388 767
855 222
901 541
234 527
864 472
294 366
602 34
563 612
829 915
508 514
369 720
675 57
802 991
121 605
202 390
25 243
830 807
549 937
214 393
610 876
96 225
828 568
574 374
256 161
550 762
840 775
830 266
625 883
835 779
617 695
893 701
726 662
556 901
419 759
846 50
386 800
165 935
226 879
673 11
209 793
460 678
261 572
507 579
116 2
295 615
111 134
69 177
990 344
690 869
854 973
792 573
648 490
618 300
40 955
839 144
710 442
997 572
792 652
993 458
240 326
564 899
238 60
268 173
140 404
439 814
615 782
129 645
898 767
585 139
686 735
652 517
471 663
121 490
429 273
542 949
88 971
807 620
374 250
531 305
767 683
302 840
265 559
829 445
509 717
104 51
343 455
639 750
687 104
550 662
812 828
535 910
647 331
15 408
971 919
734 558
392 31
507 170
317 310
645 625
123 200
235 375
835 278
25 158
363 607
731 483
732 257
269 245
316 204
46 91
801 349
972 221
610 923
750 222
662 533
577 912
481 257
873 641
380 915
49 641
297 711
700 541
22 95
524 287
762 174
483 49
763 976
699 960
547 817
626 960
127 135
648 627
199 337
325 384
584 821
497 479
561 715
110 878
558 51
573 172
414 273
488 629
498 767
249 646
919 328
298 4
247 968
573 313
563 80
602 354
831 711
510 245
157 140
426 72
242 928
736 681
928 970
484 225
415 451
774 939
665 868
104 850
125 907
358 992
190 866
992 587
446 683
503 357
459 904
729 399
855 438
993 662
797 963
578 884
164 708
633 648
592 460
467 134
799 306
877 377
608 167
39 715
717 841
354 896
995 509
301 26
104 189
827 179
331 628
284 374
782 178
977 411
984 119
223 471
336 589
571 847
223 649
567 987
29 311
193 437
650 671
450 165
394 317
899 603
95 842
692 359
167 525
774 541
265 106
660 428
217 969
321 225
371 52
569 229
868 307
163 44
64 241
537 318
782 908
339 559
157 136
997 507
385 270
687 705
176 53
922 816
777 839
250 912
462 304
524 896
591 89
643 648
812 113
656 563
725 655
604 303
865 243
917 302
913 380
635 506
65 825
44 237
394 83
924 412
862 760
374 209
903 553
199 581
460 86
638 612
567 906
704 158
651 877
571 26
34 390
351 1
237 341
873 982
888 226
945 193
952 884
611 680
456 28
765 752
655 133
482 334
877 742
28 321
939 988
188 303
580 311
51 60
338 890
870 189
913 454
536 144
181 238
638 309
933 471
120 337
404 251
743 490
485 645
972 412
813 469
306 648
988 250
696 413
914 120
246 550
9 934
537 614
78 117
185 276
427 960
342 906
957 74
911 646
330 76
489 516
161 579
505 681
691 316
15 105
316 401
257 603
136 432
216 803
272 751
228 144
433 531
745 175
182 603
891 206
756 386
50 900
551 255
609 398
105 192
22 969
444 391
129 138
53 647
743 133
509 423
498 122
695 315
114 274
15 167
9 292
77 120
740 788
705 244
721 406
264 227
975 508
650 368
911 570
572 946
398 368
543 207
445 400
104 303
425 984
21 649
349 375
257 841
26 974
444 983
679 558
510 184
796 131
760 607
203 12
144 181
294 442
41 961
458 637
896 862
77 832
632 176
245 672
339 990
177 336
633 516
212 86
409 96
698 698
705 880
743 832
668 177
526 20
732 82
357 255
99 728
425 265
147 20
987 598
435 711
441 510
348 96
342 637
998 324
429 950
873 564
298 621
78 996
583 971
532 722
833 309
889 585
567 765
156 924
284 892
977 30
620 958
71 750
248 724
147 370
191 654
433 912
752 77
525 559
790 627
570 643
452 978
4 360
181 340
180 41
836 64
82 691
776 825
950 750
959 359
453 85
605 24
658 277
891 218
747 133
72 7
322 735
844 309
520 638
113 417
418 563
287 401
951 547
690 859
129 888
588 754
108 284
147 947
591 144
409 956
668 892
553 385
216 849
278 736
348 278
555 745
128 112
216 510
643 872
655 208
454 258
783 851
518 322
794 147
169 822
191 636
48 540
595 504
32 390
293 641
787 560
210 282
306 219
226 713
41 223
411 684
291 673
655 524
887 993
112 261
360 263
651 546
958 120
50 303
963 954
589 92
457 732
401 177
457 855
124 177
530 621
629 111
936 538
224 370
674 176
765 583
190 567
111 145
653 728
9 892
438 195
426 13
471 707
566 184
372 716
677 801
246 896
863 881
413 547
997 640
475 647
975 420
127 841
663 905
522 904
439 150
408 25
978 386
166 468
722 68
773 556
260 638
201 180
750 368
195 657
560 739
425 180
409 812
631 178
196 875
956 798
113 520
545 251
606 440
230 838
266 669
906 384
74 872
422 198
84 799
834 384
355 375
706 386
927 57
399 249
129 531
618 123
606 908
895 14
220 880
241 598
33 294
215 520
222 89
638 369
291 978
942 188
499 858
359 105
586 211
547 132
733 454
536 10
337 419
410 3
925 581
348 516
652 816
516 276
212 222
529 532
498 481
73 712
433 264
393 884
886 833
23 151
227 955
415 376
609 268
198 662
393 330
727 299
631 695
284 633
900 939
816 845
796 717
482 682
961 585
6 748
113 128
718 53
63 3
467 991
603 70
442 9
544 25
599 574
909 652
585 341
156 501
924 504
542 485
532 22
692 786
409 812
334 439
718 228
56 912
802 994
280 261
141 641
667 515
27 958
845 454
569 608
172 67
58 65
737 904
