363 245
946 966
559 49
513 154
948 697
110 728
819 109
378 465
557 643
314 398
83 991
780 679
194 316
656 154
436 302
198 95
995 27
447 311
32 743
938 961
871 416
602 523
300 68
810 630
953 354
853 425
128 964
969 681
558 719
6 171
136 204
6 877
817 838
783 721
932 282
369 210
975 495
824 522
788 220
623 764
968 25
500 712
894 841
402 931
448 663
936 270
684 219
19 868
166 25
496 851
427 524
993 436
889 932
346 165
706 379
909 139
677 150
640 677
150 563
602 472
273 812
458 963
223 516
255 704
654 181
472 355
161 50
273 153
713 100
614 281
133 388
71 635
967 708
369 327
678 966
846 697
242 162
36 370
596 303
837 458
363 824
333 233
645 403
959 972
597 125
511 631
156 704
846 592
215 997
670 46
618 991
50 746
950 437
583 154
861 449
519 187
267 427
598 821
796 51
690 326
481 843
466 41
619 792
450 962
603 661
5 9
995 466
407 717
118 29
870 846
541 747
882 265
38 746
882 672
723 173
770 670
864 931
501 851
926 782
209 686
28 592
316 404
661 129
315 821
945 717
779 789
340 19
482 175
416 599
777 81
486 708
16 564
643 283
235 393
748 673
296 163
907 109
854 534
462 104
72 94
578 640
580 565
994 306
336 267
667 633
939 831
575 52
692 993
90 23
867 180
502 329
224 855
413 185
887 796
496 859
673 473
283 649
818 326
247 467
370 943
236 246
936 23
416 968
138 261
915 655
348 76
853 970
143 919
360 869
246 425
46 782
785 300
200 290
392 1000
324 988
603 481
542 763
991 329
254 237
736 618
978 341
559 59
393 982
825 689
113 863
536 462
444 127
274 681
158 20
872 163
563 896
551 154
593 259
728 245
639 312
615 222
53 31
566 904
588 960
629 943
622 454
83 438
78 51
688 360
831 897
146 372
784 504
487 528
990 171
500 539
563 111
379 615
519 545
75 228
539 902
962 199
528 422
438 885
33 239
38 292
48 877
161 620
470 858
806 478
281 895
755 170
522 622
289 723
18 191
669 569
67 672
837 920
136 326
656 547
838 5
258 371
136 638
764 610
212 819
268 118
532 664
475 202
374 587
776 696
559 529
156 370
990 699
245 474
131 231
213 455
381 80
360 258
303 555
45 22
935 212
569 637
221 717
878 777
468 74
543 99
785 947
648 931
145 922
322 650
952 157
189 911
751 923
460 170
142 74
206 567
676 366
139 461
416 465
452 779
623 824
252 283
465 730
166 496
858 67
157 38
89 238
894 219
301 423
753 550
402 714
449 240
160 896
145 483
150 263
515 320
493 665
617 729
448 572
56 879
6 410
222 206
851 471
268 380
599 248
609 926
993 467
192 14
754 944
243 375
328 9
4 981
998 378
439 986
998 140
197 563
112 795
251 194
681 711
578 566
417 11
730 257
575 471
578 927
590 996
223 210
104 546
737 646
613 902
952 733
960 610
745 225
435 917
175 803
436 313
763 228
920 658
907 736
816 466
200 864
50 676
479 162
591 13
97 867
951 101
163 313
922 435
128 616
663 340
785 580
765 830
673 335
116 383
852 606
618 496
837 110
170 846
11 446
324 751
270 796
826 391
934 15
128 744
914 69
606 533
401 123
666 676
768 57
522 799
395 663
