712 648
282 956
739 477
575 621
25 290
363 408
441 445
404 284
545 971
864 883
766 809
66 709
118 181
310 64
309 107
733 849
142 360
978 786
855 909
584 634
900 616
10 68
785 242
908 411
111 812
466 380
675 447
466 571
876 132
402 14
567 678
654 836
286 937
892 59
139 669
558 386
253 577
74 139
763 256
607 314
333 716
910 189
591 143
947 575
903 50
387 436
719 483
828 465
914 487
131 738
45 991
989 841
390 112
712 862
526 568
387 684
719 790
881 403
122 854
368 190
790 496
216 121
621 229
378 906
605 474
565 541
695 974
815 973
454 686
370 780
823 21
513 729
742 923
850 441
441 706
406 817
851 487
728 843
616 493
701 18
749 441
262 478
277 602
200 444
943 308
272 673
499 610
37 974
802 176
406 974
461 580
932 739
390 866
746 648
784 695
208 996
57 850
332 766
684 138
768 96
654 522
934 193
4 732
379 495
644 143
100 842
16 942
149 278
746 151
853 707
325 566
267 91
244 561
957 616
498 549
695 394
916 417
609 905
263 674
919 955
712 152
44 560
634 99
853 624
120 257
953 480
41 478
171 831
24 896
390 577
710 944
656 292
487 626
81 621
968 649
561 235
717 404
284 171
803 520
630 585
909 81
397 729
309 615
732 671
696 297
436 361
808 632
306 961
915 365
630 198
778 255
718 486
664 414
704 329
193 357
599 684
768 864
237 469
692 583
93 499
738 668
945 688
665 108
668 113
421 933
138 422
470 564
94 957
755 196
367 224
569 622
384 835
204 808
536 152
386 84
863 779
94 955
64 619
167 438
936 665
443 869
675 503
37 529
469 771
46 370
621 941
865 34
196 339
283 136
866 338
33 484
783 758
456 797
81 417
907 30
190 939
747 916
432 613
671 920
188 627
882 127
49 143
221 682
262 924
768 151
386 885
279 451
78 47
501 824
452 967
987 808
143 297
834 198
30 202
779 350
229 225
134 165
191 93
216 633
935 785
989 60
311 85
138 5
661 143
585 930
345 162
814 989
284 705
846 325
138 329
862 777
68 499
436 498
681 267
206 930
943 678
380 711
627 282
184 581
660 955
735 36
496 511
869 861
832 278
984 363
667 917
643 81
46 513
191 421
33 159
848 450
425 170
818 856
152 689
406 122
723 120
60 289
331 941
777 932
841 183
871 913
954 67
384 878
951 59
705 952
422 161
392 581
211 712
753 281
446 27
454 711
84 313
366 856
895 472
545 993
31 78
389 25
114 576
278 608
720 5
377 744
635 47
497 479
808 939
583 60
173 954
938 771
54 852
88 218
842 995
421 694
718 288
737 818
988 960
961 901
142 127
665 60
34 819
495 861
792 46
380 225
949 705
661 99
433 16
839 906
805 50
428 875
330 121
566 405
862 230
586 777
646 577
768 195
693 425
867 440
95 909
610 463
241 932
470 390
284 806
919 769
400 341
566 938
81 504
943 325
736 443
476 487
182 842
731 950
615 471
62 372
54 226
456 5
181 710
492 697
982 15
225 188
713 537
151 160
526 247
829 923
127 364
820 993
247 726
98 150
164 592
665 849
678 734
133 463
980 512
147 557
942 201
701 890
568 155
247 585
341 481
840 198
922 979
516 320
889 45
705 754
424 567
301 10
964 301
125 864
681 233
820 59
217 712
595 509
162 405
406 425
239 914
528 903
671 219
908 575
333 41
243 541
310 113
227 758
124 112
268 205
924 768
57 423
502 547
794 881
838 728
577 753
242 601
583 102
138 827
483 739
94 883
305 85
677 830
206 275
395 335
803 888
229 192
77 13
779 706
671 38
512 823
215 904
188 167
612 208
39 796
230 894
824 244
301 434
17 399
962 666
88 306
749 792
837 342
16 258
853 4
551 381
340 600
326 340
640 176
128 998
312 266
584 551
760 136
552 682
688 451
372 367
907 387
976 405
767 828
13 917
523 762
800 368
208 692
387 509
543 20
745 647
334 624
325 333
424 27
277 975
627 992
44 77
607 538
418 978
44 110
994 363
627 500
839 913
398 573
954 23
379 856
820 831
8 879
874 810
74 1
817 102
587 835
683 222
715 31
281 577
674 757
298 874
572 61
55 222
348 415
498 412
532 580
816 942
511 988
849 130
595 275
538 829
628 992
292 674
568 78
1000 135
921 339
770 253
844 251
923 784
601 174
368 599
748 692
485 923
5 690
674 274
404 11
954 44
135 168
378 853
900 46
804 272
507 889
19 548
251 805
306 958
662 690
99 402
966 972
868 940
285 519
435 137
341 627
349 823
305 137
915 598
284 983
868 231
817 418
185 101
228 279
666 531
469 315
110 601
146 988
318 610
608 146
948 705
423 680
927 323
100 424
867 305
261 833
285 594
166 808
30 295
99 142
120 889
195 9
830 570
16 968
386 270
915 984
16 36
310 258
429 260
563 949
921 980
517 735
741 288
618 409
206 202
509 767
62 744
775 499
205 671
858 753
514 774
252 606
813 391
68 672
27 870
597 437
847 121
453 619
503 481
210 924
716 241
537 777
50 752
823 677
253 552
522 598
327 867
111 496
852 981
625 70
849 556
127 190
669 297
608 842
946 206
581 583
304 397
935 306
845 473
425 744
486 977
769 157
253 130
813 581
823 138
418 202
917 342
71 266
811 722
486 696
306 795
618 275
320 182
653 463
916 551
570 623
638 483
417 130
797 884
863 992
368 862
488 853
897 378
464 618
210 519
677 37
735 744
653 843
207 50
961 894
7 379
903 696
90 718
838 683
555 301
604 303
812 477
263 49
40 492
139 589
106 235
176 965
962 160
195 576
333 421
693 123
694 365
287 999
300 798
430 350
383 937
907 714
535 496
608 813
505 655
505 361
424 472
218 599
320 727
242 356
2 587
224 517
970 594
433 889
964 868
256 832
136 162
563 332
434 927
863 926
916 637
619 793
841 572
289 40
900 288
142 481
142 435
580 933
996 646
534 1
129 20
178 297
775 274
651 830
557 722
746 681
344 385
392 186
353 212
623 704
161 263
247 227
948 594
989 148
536 52
46 14
603 809
722 803
584 16
527 596
354 308
81 607
129 216
366 948
601 106
238 120
19 141
310 293
79 599
251 210
141 453
371 453
141 382
568 988
543 11
164 866
946 93
626 183
65 448
181 730
668 190
907 140
816 213
443 169
162 854
166 741
479 570
396 856
795 149
770 378
400 320
631 30
413 388
366 710
621 249
