112 377
793 668
682 753
515 143
905 462
302 451
285 696
674 24
123 720
516 136
659 704
629 18
216 746
587 910
918 444
672 136
87 63
164 546
611 778
734 953
659 701
896 147
260 173
453 605
339 567
223 703
783 513
474 358
188 513
457 249
218 580
385 251
301 652
731 877
88 234
804 101
425 850
591 998
617 373
212 190
241 554
424 871
134 161
139 15
665 101
647 128
382 582
16 764
478 114
914 55
534 123
862 805
438 85
814 912
599 472
669 659
41 497
536 510
32 559
781 129
273 441
338 7
247 19
118 22
414 521
527 750
772 909
799 522
386 756
762 135
415 253
390 486
819 256
260 759
741 862
296 299
576 102
531 989
424 961
859 5
855 102
456 569
452 308
907 695
994 112
473 387
930 59
876 155
410 425
951 73
289 596
178 608
870 157
394 129
375 972
953 739
50 968
83 387
251 314
439 386
985 633
713 542
924 841
391 199
201 113
413 67
304 780
204 808
482 202
245 199
790 51
413 819
477 641
