876 485
890 483
490 182
702 510
884 326
427 80
421 779
20 277
752 441
921 700
818 954
896 625
192 978
749 651
39 627
442 465
378 328
74 683
612 601
841 495
431 767
493 903
355 933
801 471
33 324
691 739
45 432
137 258
74 633
189 702
131 587
668 318
95 250
688 822
456 550
826 309
566 389
437 277
421 900
392 218
890 480
385 351
951 73
575 643
599 975
323 457
643 85
317 916
995 105
613 114
398 615
187 318
105 418
136 420
409 159
520 806
855 493
662 978
380 385
981 15
991 45
208 486
53 608
940 455
470 904
287 917
128 786
862 628
347 819
106 864
201 709
13 780
794 582
166 609
426 441
912 190
56 105
481 499
944 166
199 567
390 538
483 995
441 38
554 661
234 507
174 266
45 294
88 342
330 956
543 439
475 894
286 611
299 336
681 48
294 672
208 334
66 53
24 394
896 99
285 634
548 776
867 46
656 553
362 130
950 167
170 146
67 670
762 479
46 630
573 717
751 492
214 473
942 672
884 277
528 207
885 903
860 296
945 171
773 252
551 170
486 371
350 990
637 650
334 695
78 601
990 356
174 11
970 584
449 488
593 958
647 642
920 102
451 720
432 684
132 973
710 787
381 653
40 217
779 29
553 793
564 455
791 47
212 52
827 236
92 964
452 690
337 976
983 981
920 781
833 968
268 178
994 23
637 254
219 935
666 874
32 453
508 129
462 190
992 619
21 305
559 559
100 732
356 911
70 241
786 209
254 401
572 311
771 515
551 804
205 976
72 169
81 347
399 433
534 205
308 581
719 32
847 168
915 425
456 119
233 865
935 911
738 94
888 437
689 403
566 465
231 296
750 964
629 534
781 274
179 445
713 900
349 348
756 66
579 359
178 565
949 873
427 182
491 585
508 90
386 282
617 601
795 148
634 873
428 994
509 614
28 151
392 213
353 259
136 147
389 733
173 60
539 425
257 675
250 514
784 377
596 681
634 640
382 690
960 953
196 766
983 785
605 283
132 9
122 397
395 196
643 91
663 630
836 816
976 511
271 301
37 423
837 661
889 76
556 819
484 895
800 347
389 348
37 375
774 465
37 68
981 891
193 428
492 61
981 285
153 264
898 445
303 437
415 853
835 116
992 195
678 86
327 507
424 287
823 86
461 279
581 695
369 478
940 466
865 365
554 822
772 573
857 514
461 927
71 37
181 962
370 644
895 190
470 360
549 230
197 72
457 479
81 476
589 940
291 752
602 734
837 972
777 494
487 809
946 202
815 829
8 951
656 772
564 182
664 721
391 329
877 698
854 110
521 93
534 526
412 542
637 982
915 504
513 886
772 933
384 587
709 381
1000 546
136 693
81 80
59 851
142 581
13 621
645 901
588 814
345 675
705 964
570 403
521 895
108 771
139 623
666 457
368 116
465 492
28 250
28 707
328 479
405 132
438 710
36 584
193 736
438 67
505 447
471 996
286 757
52 552
186 830
854 82
979 275
564 118
366 508
425 770
843 84
828 26
17 662
479 180
435 786
152 269
161 246
858 189
807 903
704 854
339 559
153 290
976 858
714 165
633 221
705 758
940 57
517 898
107 275
778 940
251 318
991 631
853 257
834 827
948 519
989 846
199 848
948 172
244 970
308 260
751 928
557 407
37 323
206 533
475 477
598 312
350 410
434 854
941 850
670 138
388 675
395 91
822 957
328 867
492 412
345 792
43 446
729 191
485 331
160 583
601 29
187 384
383 987
107 795
713 31
41 265
123 307
794 150
641 268
856 951
124 2
560 669
536 77
462 554
453 428
760 939
983 534
291 328
385 1
777 748
465 805
701 206
192 66
29 321
173 186
653 921
80 278
273 212
471 558
197 717
337 239
778 174
673 785
692 834
584 679
876 705
564 100
957 41
148 201
709 51
27 28
138 782
144 354
759 169
685 800
504 834
17 301
175 16
103 415
466 995
275 132
268 433
135 70
176 768
148 381
143 124
27 257
473 923
784 135
61 696
125 526
23 338
406 17
840 1
628 184
475 223
14 780
577 399
178 493
966 176
684 921
140 681
837 698
980 9
702 145
678 554
558 576
488 226
37 559
907 500
51 925
433 212
903 476
156 621
535 776
190 909
497 561
359 806
782 376
57 97
515 863
243 542
63 115
639 614
999 70
141 546
146 290
721 910
363 567
480 236
733 117
312 350
316 94
115 343
525 345
392 576
951 913
391 235
428 956
867 339
78 945
387 979
708 182
797 946
647 466
982 720
651 658
149 365
651 494
377 439
128 863
782 176
932 900
903 211
64 860
570 878
418 99
60 790
551 661
343 26
397 252
207 655
817 237
388 984
92 422
576 374
436 789
354 563
192 813
997 696
184 839
559 467
155 143
207 213
1000 846
472 221
737 364
228 634
147 534
848 139
394 326
585 893
830 291
116 712
520 685
599 760
546 975
404 590
263 232
333 772
205 443
741 992
545 214
678 650
433 901
757 346
957 583
354 285
62 624
690 970
531 392
542 416
584 323
6 630
543 430
480 262
530 203
320 168
325 28
467 284
167 240
584 635
142 357
147 29
577 308
165 249
835 774
716 579
836 201
319 195
555 481
218 734
508 869
560 458
83 38
424 146
405 119
362 769
866 22
269 581
403 814
599 555
365 244
771 909
316 489
695 76
444 557
263 2
85 90
46 969
721 47
201 622
491 40
119 552
782 371
711 430
190 262
773 808
959 384
828 865
267 605
508 72
151 66
36 187
468 521
997 969
5 879
152 133
777 553
506 298
468 306
302 837
315 939
277 273
444 579
951 950
612 138
942 322
368 722
30 266
237 262
88 759
83 265
99 37
655 700
479 487
728 970
605 329
372 662
702 853
928 988
455 142
657 826
721 304
938 557
89 642
235 620
21 518
216 520
202 266
140 587
102 84
720 888
682 304
616 44
28 799
763 784
371 981
162 485
177 565
538 913
554 58
21 242
534 79
765 514
159 359
142 655
601 495
831 73
416 337
435 532
842 474
286 759
699 986
360 970
354 130
954 797
597 193
348 846
416 789
881 990
314 663
973 481
3 606
480 622
917 993
675 881
394 340
387 417
923 266
588 848
958 928
958 112
103 71
192 901
742 260
380 449
372 797
423 247
923 502
256 219
401 727
570 874
594 769
631 871
516 694
367 326
737 757
711 713
13 253
380 987
513 407
556 378
536 676
36 440
950 795
99 18
572 1000
147 560
418 712
291 273
618 251
659 891
411 558
961 292
492 97
287 900
405 772
205 862
226 636
155 276
761 676
898 847
180 860
969 948
201 627
464 784
360 330
491 970
655 869
48 894
597 442
531 593
494 101
48 16
375 610
448 129
309 232
698 264
795 787
538 169
282 954
518 930
227 172
157 808
289 285
506 317
308 141
645 713
338 90
258 811
696 261
132 783
786 16
366 535
204 593
414 605
231 638
931 991
454 503
629 636
628 655
697 175
534 741
373 961
537 235
512 387
455 748
465 79
13 674
95 612
884 431
939 875
860 861
56 519
252 828
414 604
706 136
941 345
942 744
651 578
576 5
123 362
678 178
962 598
651 134
293 680
221 818
512 780
850 874
249 384
173 488
474 442
801 186
191 174
767 797
498 639
337 487
224 303
943 67
941 346
393 837
349 557
726 824
809 36
238 602
771 854
435 901
150 125
250 940
654 777
507 981
689 339
107 854
64 909
247 939
933 686
512 379
711 490
93 937
168 483
867 162
542 405
798 965
581 982
64 353
211 937
527 104
594 478
433 185
982 333
8 448
391 307
602 34
996 123
148 765
411 404
31 893
614 511
406 52
46 571
349 965
540 20
106 939
145 621
620 366
944 461
479 673
418 83
719 183
746 184
684 307
601 512
304 617
662 617
79 829
319 130
852 246
386 127
133 404
599 843
285 723
822 388
149 622
737 878
913 431
39 817
71 298
187 478
853 186
72 64
906 168
574 551
660 727
617 381
655 629
