168 457
773 90
480 300
61 531
771 380
878 846
590 862
610 682
421 501
49 801
651 47
502 262
787 199
548 817
445 844
838 833
676 271
52 20
126 631
827 749
402 506
506 365
338 310
624 360
578 363
223 539
640 653
357 404
451 584
401 696
222 892
248 948
177 421
433 637
610 178
410 81
913 566
282 817
216 760
553 572
351 989
939 996
630 322
437 173
290 373
37 539
549 812
321 699
482 900
810 724
219 256
90 309
798 747
175 206
802 286
37 899
848 168
822 144
898 734
375 543
307 543
919 704
322 652
926 762
604 281
582 985
736 964
400 29
368 748
432 367
337 355
699 20
269 759
854 158
931 113
465 714
7 446
941 27
434 920
834 785
516 426
481 130
145 819
58 717
651 413
374 175
25 11
75 341
831 190
735 563
49 589
726 282
14 926
611 705
223 277
621 716
565 609
508 409
258 168
359 25
288 155
191 587
631 219
11 45
145 915
510 871
466 827
522 610
691 724
1000 797
949 868
953 701
685 336
737 498
957 777
208 420
675 584
98 301
499 148
759 276
13 203
160 226
111 520
803 921
375 582
631 262
762 374
249 564
374 160
340 671
707 19
572 13
144 665
297 206
392 384
523 160
586 709
310 615
360 62
930 407
545 106
590 403
252 456
389 625
646 79
366 342
468 24
178 342
482 784
932 742
26 817
384 56
251 152
578 654
69 393
651 184
55 129
292 129
311 625
442 503
437 489
993 873
612 193
316 760
863 220
338 157
672 145
900 887
845 669
