99 526
166 719
281 892
127 108
230 496
832 883
677 922
679 146
813 375
18 30
508 682
245 92
356 125
313 887
12 658
391 844
405 693
760 981
752 556
481 454
169 549
764 327
603 823
263 845
588 833
763 837
114 72
306 40
932 100
862 435
704 964
65 453
799 359
288 43
314 440
484 397
933 362
19 181
282 67
799 593
578 894
306 796
98 983
396 235
216 649
421 595
450 413
233 387
768 691
114 395
312 982
50 953
263 685
495 326
492 216
821 580
38 314
461 329
142 521
713 639
59 332
425 993
870 755
494 194
450 351
650 154
522 785
663 364
454 393
617 198
84 958
395 407
218 876
976 71
768 769
790 529
570 370
585 26
804 530
921 206
632 142
779 405
457 358
217 124
327 458
87 615
970 970
663 144
376 143
713 462
405 345
490 608
631 822
795 200
586 76
947 208
77 982
29 842
423 320
229 298
