240 506
594 481
865 625
443 812
701 347
908 666
232 185
523 326
764 596
688 623
192 844
415 811
30 189
643 818
840 648
118 442
213 865
221 612
273 108
677 175
526 686
213 73
749 252
240 940
767 38
167 611
31 776
109 724
912 662
953 667
651 157
347 920
989 439
592 632
920 498
12 915
765 146
451 941
265 809
715 419
412 206
107 196
738 818
414 642
851 872
412 543
360 40
803 907
761 573
764 774
845 225
737 792
397 814
332 630
585 752
468 635
324 650
362 9
389 62
818 351
759 896
851 490
455 426
94 438
190 848
144 217
664 384
868 918
640 465
84 2
497 156
519 827
998 65
263 316
971 160
630 502
602 777
930 183
594 184
873 645
436 561
550 172
18 749
271 35
405 35
384 719
248 96
705 833
699 135
650 998
250 135
882 294
237 894
124 669
94 334
821 882
121 900
155 977
676 102
684 305
50 41
916 231
705 666
506 856
707 781
91 90
923 65
609 248
333 207
48 524
911 960
858 363
576 292
979 725
578 601
311 732
362 373
591 331
795 12
980 133
534 442
998 814
7 41
409 426
931 278
791 496
985 693
843 591
92 345
347 6
403 748
654 920
391 658
951 565
191 249
456 828
60 888
649 179
378 370
157 486
74 213
683 569
930 217
979 47
76 884
447 680
257 853
850 574
490 517
88 868
928 668
317 410
193 622
483 864
177 92
145 545
396 903
299 703
848 973
762 542
152 456
800 185
523 59
208 774
208 545
115 206
478 739
860 619
521 749
785 494
528 818
755 851
883 825
838 592
666 712
237 895
8 794
466 437
597 252
320 733
92 615
314 336
719 524
108 463
791 692
493 958
835 592
763 860
46 776
654 496
398 976
912 688
865 111
547 606
491 1
972 578
926 228
454 720
944 998
517 752
811 317
870 737
792 471
314 664
373 767
347 134
721 830
665 399
715 338
976 899
420 795
118 68
263 229
110 742
48 893
107 529
229 307
731 326
146 427
453 566
45 16
447 343
131 232
721 240
360 43
433 205
286 989
767 337
817 54
827 676
848 34
641 406
97 7
423 355
367 865
398 645
686 299
654 371
891 358
470 730
245 754
