825 730
229 109
949 830
837 79
821 707
818 418
963 178
12 458
2 429
98 945
938 632
284 580
878 695
44 785
332 131
290 913
796 351
379 59
432 171
120 577
484 203
348 637
774 539
119 648
295 716
599 344
734 493
784 408
128 948
494 143
842 902
490 668
961 85
421 657
531 741
596 236
529 118
767 787
237 257
626 371
887 449
699 680
144 519
455 646
479 834
855 872
428 241
117 537
817 351
922 265
365 410
149 276
528 553
281 915
123 342
485 753
442 425
462 209
245 26
663 918
341 245
68 496
409 102
731 186
804 4
419 139
713 588
134 941
392 557
794 983
96 811
956 46
506 314
505 645
766 741
91 843
632 632
600 626
854 275
1000 795
574 703
753 821
348 860
602 889
594 740
932 188
84 856
451 936
61 159
25 765
672 739
267 319
854 66
534 868
176 94
591 308
779 814
918 240
604 243
464 509
415 95
775 414
965 952
760 966
640 273
454 839
69 735
666 956
841 592
498 906
553 992
513 265
929 933
492 361
562 107
888 87
164 167
990 652
262 990
214 658
937 843
793 823
517 668
332 166
210 265
254 117
960 422
78 322
271 614
184 531
478 507
310 738
530 312
283 445
537 603
870 636
400 686
601 860
607 273
407 3
753 382
656 592
174 365
641 200
521 1
992 818
823 502
5 110
599 287
765 218
323 429
296 379
228 378
941 524
955 492
995 21
666 201
537 953
414 280
196 865
125 118
868 83
137 618
571 484
851 630
361 299
830 403
126 992
131 273
967 994
578 532
295 803
649 669
471 923
909 837
527 605
443 40
296 104
654 667
667 956
913 809
824 376
368 782
735 393
794 491
34 11
985 695
916 820
469 968
691 901
539 360
903 771
212 458
81 352
464 234
359 121
494 722
907 143
498 551
958 718
218 239
750 885
199 329
160 294
913 682
727 305
32 499
485 962
408 110
621 657
211 119
125 82
12 621
167 502
706 192
685 296
712 958
928 508
795 940
87 168
816 236
866 52
818 335
739 453
823 452
276 571
859 242
363 684
381 818
515 605
110 643
377 707
848 890
968 25
576 785
360 381
220 113
885 978
622 705
533 913
646 670
179 91
494 880
984 604
969 755
617 223
655 153
164 805
190 568
991 136
751 328
691 855
355 6
494 499
134 376
169 75
175 139
585 179
543 608
663 367
73 76
668 226
296 246
958 940
586 952
979 755
292 167
918 266
989 917
809 731
736 140
343 278
128 812
501 370
193 897
728 297
667 395
986 12
473 502
228 286
701 298
334 167
341 420
125 740
1 217
537 935
196 849
140 538
55 820
657 321
501 137
502 50
907 393
532 757
319 545
542 184
438 541
823 880
182 718
317 906
703 627
188 918
514 993
887 560
555 992
680 928
360 499
137 229
206 52
324 515
976 947
385 76
793 121
78 603
238 556
167 806
206 95
955 831
929 333
836 363
799 211
325 9
135 651
683 479
228 273
199 548
225 510
225 58
615 418
12 296
527 328
178 890
250 34
67 959
586 463
328 492
109 79
637 695
671 197
576 412
730 639
586 944
804 114
580 81
731 958
778 118
637 404
633 667
756 837
748 863
120 878
624 520
542 912
773 932
972 882
626 546
656 322
141 506
98 538
124 548
350 177
226 119
917 677
842 766
324 285
504 297
893 494
177 808
342 717
844 910
696 393
797 784
542 238
944 652
356 462
627 470
225 891
751 140
266 286
232 337
352 541
862 941
208 55
578 429
778 843
950 446
481 669
34 894
898 779
286 913
566 989
679 240
120 670
458 65
586 426
404 746
391 700
457 780
727 833
4 332
929 785
815 384
191 651
586 553
270 937
58 56
186 934
168 118
837 920
126 284
716 71
353 937
983 639
827 89
851 480
119 619
748 485
901 504
568 846
41 983
946 693
941 623
919 989
337 387
472 626
998 39
15 570
233 314
84 752
265 315
138 814
324 434
423 785
168 269
822 615
401 429
566 344
212 976
70 559
688 702
586 800
411 499
781 554
341 61
411 752
576 769
648 839
263 528
699 817
1 637
198 929
276 713
469 489
193 825
112 737
230 513
528 720
589 334
473 634
118 601
447 756
950 198
885 559
756 23
984 657
451 899
474 389
264 514
600 249
787 389
888 372
643 892
160 763
160 997
295 636
892 94
265 898
790 149
269 775
406 326
794 315
572 571
331 392
454 690
85 922
431 109
294 580
490 427
967 667
314 715
753 675
99 611
61 754
707 107
451 288
718 726
380 352
195 702
706 854
875 170
419 584
64 349
142 892
110 566
633 318
918 699
959 510
483 441
578 455
985 344
854 437
26 595
588 565
303 611
249 731
749 136
136 751
793 307
34 946
376 551
774 59
783 539
979 852
880 133
664 725
589 485
816 363
945 660
980 960
473 99
697 747
413 329
394 545
966 6
984 476
400 886
57 303
225 865
780 763
504 535
304 754
30 1
247 87
461 597
307 919
211 588
319 178
883 893
410 243
859 99
677 228
852 132
436 538
243 805
312 442
661 807
643 834
227 764
5 466
142 1
129 935
269 398
657 1000
965 35
306 35
939 949
543 349
638 539
316 122
903 343
625 151
435 272
946 635
835 463
155 898
364 938
183 151
647 394
87 19
351 673
165 819
380 583
815 67
947 637
761 613
817 285
488 206
447 572
821 752
634 658
254 47
695 571
314 773
863 47
202 291
808 146
259 242
382 56
828 832
782 666
787 175
960 290
358 736
452 853
525 723
746 628
981 249
188 195
276 390
748 387
677 712
594 728
819 279
454 56
193 919
428 386
489 553
442 648
697 582
152 841
64 904
714 127
692 271
558 509
923 799
397 699
204 967
459 329
567 730
317 28
664 564
842 896
946 890
282 612
745 273
703 772
880 339
261 94
782 306
674 468
937 571
130 234
274 465
5 948
995 467
752 59
887 945
171 57
361 972
599 675
778 24
828 524
737 173
279 95
339 532
55 678
761 43
703 463
190 953
419 936
705 353
797 750
351 374
93 227
781 417
325 616
715 52
254 578
219 639
920 236
98 71
316 661
112 250
850 662
791 104
414 504
438 778
501 991
837 861
718 749
337 995
696 934
838 568
101 905
476 346
399 101
609 289
694 832
189 977
377 522
101 102
71 232
972 414
514 390
889 296
431 967
907 628
157 942
142 410
400 46
240 30
509 63
46 232
241 98
905 787
62 103
531 113
181 103
235 72
917 944
809 977
880 359
235 893
237 85
680 213
65 170
144 168
452 351
553 521
956 118
933 698
81 843
66 884
331 167
763 867
608 251
977 972
823 858
875 562
129 7
804 201
116 149
202 519
369 382
240 456
205 755
863 953
49 613
880 350
333 729
257 881
804 170
341 768
272 213
753 56
755 23
222 875
619 94
988 300
340 274
299 334
675 724
305 184
858 706
270 881
211 398
345 699
242 222
877 946
169 213
980 445
97 542
532 351
610 639
37 622
681 838
802 26
913 681
935 29
338 77
885 167
867 900
129 724
793 226
177 186
468 311
364 97
942 335
247 177
923 424
124 62
545 946
275 136
819 162
219 490
62 323
12 712
913 956
271 667
31 358
810 633
734 294
508 554
30 614
60 259
288 82
878 930
72 356
27 439
769 744
239 630
566 825
821 737
316 949
3 105
438 174
741 477
653 858
791 316
254 683
813 903
524 921
371 485
342 298
538 598
741 406
457 856
11 36
445 159
980 820
913 789
359 211
919 752
126 882
883 132
484 185
