567 874
491 626
879 629
813 329
855 139
368 915
874 600
152 750
282 919
667 529
978 372
583 66
527 855
61 511
970 210
121 376
89 208
881 460
509 242
338 119
895 73
32 691
238 287
687 150
226 973
319 411
174 402
802 649
147 917
823 217
331 548
375 721
630 398
97 95
22 635
994 3
584 211
782 680
892 867
755 800
980 135
45 388
904 789
866 693
776 595
377 124
43 556
365 450
274 767
851 27
363 196
305 882
760 110
845 969
458 386
730 859
105 888
220 490
954 719
753 487
819 989
418 65
594 158
799 786
889 543
386 417
91 999
626 256
746 508
86 79
301 814
615 383
753 803
918 198
476 947
568 346
737 523
858 112
910 886
57 955
503 41
351 494
846 227
807 859
118 531
713 5
236 278
75 326
936 589
158 250
648 44
174 111
21 704
522 940
87 312
284 79
421 322
588 625
807 441
202 802
460 280
449 571
734 43
715 191
832 728
887 827
953 511
551 568
523 2
171 144
480 866
254 83
40 245
635 982
540 578
141 249
284 615
584 32
166 147
97 704
429 66
356 622
845 938
261 88
24 973
863 27
335 726
632 454
547 567
377 873
186 555
429 738
631 624
521 312
660 393
730 203
487 853
385 607
7 757
4 563
995 276
108 736
419 550
718 347
743 515
872 816
608 527
757 204
848 849
613 371
794 304
23 771
417 734
875 839
648 570
925 27
173 487
316 543
805 837
989 729
323 556
2 74
993 137
149 685
50 100
598 204
322 366
528 847
796 237
69 705
696 108
949 780
278 256
250 549
160 34
72 807
558 338
490 917
495 358
889 976
37 385
204 489
514 491
237 13
576 642
483 513
570 321
145 582
146 618
413 439
684 171
654 716
916 748
814 844
676 535
808 303
129 457
251 385
332 250
408 655
636 956
809 292
259 651
820 537
16 598
655 25
812 5
462 132
204 25
19 93
284 476
916 197
934 815
543 245
220 489
490 649
802 159
408 837
104 437
281 234
362 299
260 160
471 586
366 149
122 180
47 340
263 184
969 406
489 614
478 686
749 824
668 374
50 953
696 19
364 613
885 464
776 355
140 883
296 76
127 884
590 189
562 216
689 870
312 61
606 235
992 994
744 679
76 436
452 378
54 462
340 802
734 663
5 467
772 54
463 238
721 234
667 231
573 62
704 498
658 245
290 759
98 548
963 949
737 87
613 948
120 723
551 923
263 614
899 161
10 183
237 731
131 590
327 313
727 773
992 337
716 856
505 581
437 416
949 933
121 463
76 100
890 466
425 985
43 926
648 436
469 870
618 301
271 798
158 801
115 387
508 382
549 646
141 862
170 657
762 517
528 149
861 613
674 42
14 499
694 740
892 754
632 64
108 443
922 501
676 271
149 599
746 736
943 714
421 117
298 576
260 799
223 232
566 725
757 839
670 119
547 959
812 748
760 811
21 190
381 26
51 864
798 920
924 138
543 478
853 463
584 701
669 66
512 734
763 396
904 462
821 726
72 471
4 1000
53 846
867 829
577 762
314 113
960 839
592 814
532 992
384 49
320 747
809 420
42 583
364 831
857 14
698 12
685 997
349 766
555 315
138 813
785 992
887 201
205 647
771 438
597 939
958 989
159 457
526 231
874 696
870 557
24 585
976 434
491 427
390 597
418 453
93 957
162 845
406 223
342 421
416 420
305 21
561 381
156 423
957 192
44 706
373 14
963 732
646 433
62 732
410 14
426 46
509 419
450 644
624 220
140 834
908 695
570 900
549 415
117 412
763 251
479 374
782 232
47 932
820 477
270 48
283 774
644 332
949 553
7 677
352 278
420 53
458 426
712 611
920 977
628 970
903 89
758 499
138 396
154 391
192 319
434 683
88 285
224 391
573 991
401 793
566 313
830 818
643 221
392 502
710 167
109 120
274 898
594 94
161 866
854 277
848 28
478 788
774 359
296 26
66 747
441 30
463 434
341 257
186 499
507 654
20 84
774 181
560 105
642 813
469 628
280 631
462 391
793 433
586 349
395 794
812 887
319 652
582 593
456 328
269 76
556 592
232 179
544 742
448 294
131 640
622 125
548 256
150 821
560 804
427 46
448 876
834 129
720 609
457 470
522 558
243 731
76 470
392 989
14 985
868 394
993 609
709 346
827 438
892 230
540 7
556 24
277 59
660 765
244 470
289 851
716 582
728 187
174 610
307 894
370 795
78 505
714 424
551 655
136 888
975 893
562 179
789 258
849 114
879 798
801 110
641 830
629 772
272 944
30 467
420 940
356 786
393 875
172 395
320 100
414 277
760 723
272 357
116 383
30 32
807 522
481 122
807 886
80 75
116 785
130 855
739 38
758 276
993 643
625 786
289 401
200 936
801 391
728 424
218 287
745 612
867 559
530 40
599 746
938 207
951 657
661 523
73 634
827 618
480 285
392 224
300 540
245 997
422 329
938 324
265 36
569 526
203 597
193 743
719 953
314 490
139 84
59 260
932 875
569 853
118 843
565 947
541 653
820 489
703 188
568 714
722 86
753 462
382 936
289 846
532 717
260 124
832 595
406 990
73 616
954 274
218 64
406 73
