291 426
706 76
303 807
553 652
476 587
442 44
572 803
862 342
648 495
564 208
253 466
509 633
76 55
116 470
966 751
966 445
741 196
1 313
836 846
655 590
178 401
317 846
123 902
593 793
583 833
846 502
170 410
307 894
756 29
287 312
731 619
526 816
867 845
998 731
469 465
282 345
349 536
198 504
87 685
99 736
546 446
42 872
986 18
980 401
438 403
513 584
296 439
562 694
72 110
238 655
434 83
31 783
45 840
136 330
765 335
937 301
547 915
189 845
998 544
788 523
617 406
816 76
791 101
516 480
995 276
893 972
205 336
282 59
313 414
701 9
127 707
98 360
221 303
321 478
471 329
455 781
174 330
810 50
468 818
552 92
697 366
906 502
904 677
794 713
10 623
440 819
108 917
664 59
703 984
969 467
994 767
68 651
122 511
756 184
160 57
322 115
939 215
50 848
74 164
51 230
901 374
101 947
108 616
244 920
13 879
691 450
279 94
298 154
925 141
948 18
527 354
659 789
476 914
856 434
633 189
754 978
444 961
791 977
990 676
660 168
759 563
530 532
619 237
527 474
138 48
569 992
358 185
218 963
91 937
516 437
221 24
551 216
233 548
91 871
172 513
784 122
218 485
252 780
436 546
903 940
848 955
431 643
926 648
913 347
372 623
885 542
938 54
934 521
877 296
38 571
929 361
585 611
893 846
647 807
575 533
236 498
8 79
367 679
632 893
231 197
141 972
558 950
483 502
367 588
854 264
152 964
568 705
107 692
618 988
996 737
867 241
775 906
236 662
227 483
970 540
275 235
339 137
586 673
361 568
728 723
427 264
843 642
817 431
554 531
844 278
687 269
389 655
805 227
668 696
226 80
837 316
448 181
413 940
301 337
507 190
828 788
338 688
620 777
684 432
152 861
297 877
759 435
933 518
169 429
417 866
469 59
440 137
353 883
823 692
262 851
980 936
680 141
658 709
566 489
982 135
525 130
343 739
245 909
689 830
159 447
490 955
676 128
987 461
735 765
391 899
736 455
997 19
735 599
672 522
433 92
519 639
67 609
323 390
22 457
239 730
313 521
491 122
548 208
298 104
677 446
708 985
110 360
859 367
110 480
500 822
138 660
581 105
740 963
670 880
123 813
97 675
822 455
621 829
244 92
581 224
435 46
830 95
377 645
703 623
194 832
288 427
651 998
843 767
921 790
363 892
578 630
334 197
937 510
114 492
933 449
919 17
64 534
729 618
485 345
838 119
899 671
534 420
123 55
299 558
65 239
1000 656
449 384
155 655
376 553
115 735
21 822
900 560
560 173
406 557
568 737
796 309
280 672
