647 40
868 722
484 594
715 677
311 893
353 934
592 581
854 233
756 623
331 185
1000 770
906 278
214 776
720 412
431 189
181 720
47 85
389 696
178 972
455 104
212 768
251 445
397 858
247 203
345 542
985 256
577 32
256 631
210 779
327 265
974 535
868 87
122 55
348 101
669 383
572 649
816 952
39 43
399 290
520 651
981 625
306 15
505 457
765 840
286 818
100 242
169 356
580 439
101 365
987 781
235 938
981 275
805 651
959 978
141 21
414 301
660 995
35 94
847 12
696 672
656 804
428 134
727 673
117 437
842 236
22 7
705 496
78 466
704 834
793 57
607 874
231 105
807 119
359 126
444 659
950 860
64 792
988 520
813 236
305 827
704 825
662 684
476 201
898 331
308 128
970 942
551 982
220 566
750 233
1 22
967 760
928 735
23 326
77 861
304 18
351 117
408 511
990 141
858 432
346 122
125 423
420 635
188 633
474 407
353 904
293 82
645 911
65 171
605 149
68 36
826 781
736 942
13 842
718 373
342 231
105 278
807 103
360 573
935 350
910 514
813 456
857 571
190 834
211 115
196 367
215 497
30 369
84 891
63 80
63 272
31 571
630 411
259 486
839 195
390 437
650 509
962 22
223 515
337 359
149 364
276 451
669 291
742 548
932 884
419 203
434 469
234 356
634 704
332 378
793 935
629 964
145 239
141 705
95 717
488 368
576 304
49 564
965 188
501 560
447 292
815 882
181 556
805 516
186 601
638 542
524 991
150 483
662 728
740 944
500 513
996 253
594 277
73 810
265 365
978 841
783 45
229 847
312 613
739 249
890 751
276 866
136 816
294 483
119 302
724 491
81 432
48 414
710 178
516 873
725 789
350 166
267 98
44 299
106 542
737 883
147 194
426 453
252 317
479 499
957 745
242 590
475 263
520 279
697 254
910 613
552 310
467 995
156 470
431 683
188 719
607 224
78 756
392 793
83 851
507 52
331 596
757 355
826 769
974 151
426 807
357 818
199 103
458 29
851 253
955 393
733 123
446 226
948 439
872 992
553 456
428 197
584 309
903 669
448 138
51 570
19 59
409 87
582 122
95 23
784 502
490 491
772 929
404 734
361 792
140 436
794 876
745 126
429 50
697 521
312 423
673 965
35 668
209 1000
836 623
425 623
85 234
287 152
425 109
628 735
913 802
55 42
29 842
461 408
959 18
910 867
649 534
414 879
245 129
784 233
168 896
232 777
205 745
596 809
722 283
48 777
720 866
374 57
807 920
488 527
910 490
827 973
930 879
610 574
21 471
687 157
397 661
615 281
265 164
801 682
312 344
937 167
658 416
484 358
918 374
705 734
725 912
617 392
181 309
321 996
292 785
459 726
204 771
117 421
388 172
991 834
952 333
492 916
755 296
175 541
765 792
755 966
585 339
159 30
728 234
682 38
972 365
749 501
676 945
604 932
703 333
313 697
672 817
44 975
851 304
386 528
156 428
880 466
137 98
903 126
357 944
825 603
843 108
783 629
672 896
548 143
257 477
936 489
798 398
179 67
979 457
839 968
237 556
91 779
820 318
991 723
850 503
272 757
998 802
229 674
42 254
752 995
919 810
943 674
654 983
106 239
599 167
809 142
395 714
819 554
661 106
392 739
362 472
561 857
862 684
792 795
377 187
120 492
1 34
24 262
753 322
560 575
854 38
446 71
62 47
682 88
419 420
102 735
623 148
23 103
626 284
370 534
351 639
456 507
224 767
681 294
941 764
170 793
952 224
287 413
220 943
317 568
854 778
977 560
103 365
829 838
34 579
898 385
512 662
234 761
186 775
756 569
430 812
133 516
113 543
603 419
591 424
622 516
526 556
912 410
914 343
954 614
749 21
398 721
40 545
909 453
975 172
709 264
756 939
806 132
589 937
255 961
282 813
730 261
638 390
77 674
667 244
62 625
516 480
878 132
294 286
709 731
25 346
521 140
589 665
790 757
259 954
657 98
818 356
486 252
201 55
911 860
165 393
597 342
110 424
857 238
973 236
885 973
973 891
141 90
584 703
663 499
394 58
685 891
751 885
562 935
213 147
55 646
533 277
97 917
159 933
959 797
815 467
824 480
738 216
279 336
349 28
31 271
131 485
53 377
120 156
57 844
942 645
228 892
378 342
683 257
865 397
752 970
497 502
568 204
648 86
14 787
100 597
841 865
14 533
52 501
885 215
110 874
29 477
933 198
544 619
213 890
159 366
181 318
325 52
881 641
706 937
912 271
711 219
555 699
475 853
888 56
624 965
895 431
129 204
710 581
500 650
649 148
471 885
743 818
826 914
965 297
972 327
677 312
557 810
974 233
481 149
131 783
802 26
99 187
125 323
990 962
648 117
311 282
31 218
410 828
927 437
610 189
877 500
540 215
875 944
592 384
370 34
985 144
472 362
296 866
821 406
209 883
978 954
234 306
286 496
885 997
775 881
982 972
332 886
662 732
564 877
88 718
63 945
160 315
816 187
702 724
4 203
385 274
889 443
114 112
629 83
783 1
779 542
59 275
840 538
802 935
478 942
105 550
983 59
992 244
651 944
799 850
450 634
698 668
52 860
352 650
174 940
781 686
481 781
321 655
920 553
516 991
515 590
19 417
488 304
454 448
407 489
957 146
96 836
886 460
223 603
370 561
315 511
922 519
477 176
940 694
488 571
871 546
990 40
973 435
714 120
864 533
692 330
64 996
12 306
982 332
102 121
519 443
836 957
448 222
742 893
538 728
964 170
331 711
898 650
145 789
64 972
2 505
533 572
82 990
492 717
845 425
67 827
94 594
808 941
695 14
730 464
515 78
996 818
812 843
624 298
516 817
987 793
342 79
154 180
341 689
450 289
356 910
836 960
54 153
140 793
120 104
551 62
134 397
206 277
836 83
508 428
918 658
540 239
362 691
871 294
308 296
379 213
