576 33
551 242
794 782
457 715
243 624
481 136
841 596
993 31
245 927
624 397
459 226
849 695
728 787
192 832
272 858
173 64
534 96
334 744
943 24
964 295
322 832
676 182
124 402
710 299
766 992
332 450
217 625
450 506
395 490
575 438
695 42
61 202
678 210
819 602
881 84
87 605
249 998
837 582
376 101
575 383
256 733
18 562
436 911
907 71
977 374
454 244
476 558
758 60
489 140
814 180
696 498
936 369
112 360
776 977
830 226
555 507
477 725
122 417
241 203
811 269
646 62
587 210
428 795
861 328
440 581
376 879
455 53
441 873
940 241
340 377
291 803
362 536
831 160
142 592
566 781
413 342
391 372
305 444
260 79
943 508
357 682
106 865
392 7
442 546
863 259
501 790
218 466
381 957
950 600
193 302
433 602
544 767
257 546
464 280
240 917
551 28
575 957
821 83
960 967
877 500
412 95
738 800
462 210
698 557
582 105
458 713
526 338
266 978
230 620
627 55
839 575
190 955
110 409
386 788
164 439
875 700
339 338
482 440
391 195
288 677
855 232
274 937
267 204
718 599
430 307
852 938
370 82
684 679
946 892
842 426
927 975
737 497
145 96
454 859
669 896
465 99
98 546
325 577
204 511
935 651
281 524
137 824
199 677
715 74
591 541
644 356
378 195
363 737
621 555
758 84
891 810
403 935
880 407
732 173
20 111
552 417
400 50
497 883
684 734
638 864
878 475
807 51
285 277
536 858
551 590
203 197
949 244
152 268
579 468
208 653
970 613
756 154
14 21
654 165
980 163
162 152
9 94
330 926
872 108
462 265
857 940
902 96
353 882
970 27
371 778
940 216
639 356
651 239
568 882
921 164
595 112
227 935
906 23
948 962
591 2
445 772
20 590
163 826
662 515
15 552
374 215
775 951
801 688
103 773
191 517
281 939
402 382
546 478
63 899
748 575
69 926
770 408
41 852
344 844
510 725
437 270
4 159
270 696
896 402
616 335
258 483
550 145
506 560
780 380
885 869
202 747
619 78
67 345
664 88
958 180
263 477
78 491
98 71
472 554
740 868
68 341
420 434
594 283
500 4
368 454
205 406
105 731
289 584
105 956
11 221
263 306
50 103
579 271
59 506
398 200
429 890
175 763
144 316
450 670
652 867
169 540
515 920
234 982
310 104
58 377
55 807
316 220
252 458
138 208
814 598
711 329
684 961
985 322
378 837
816 121
13 315
334 535
314 67
776 274
2 642
774 584
962 702
840 418
514 888
936 416
897 924
333 739
431 586
729 667
982 567
540 311
185 671
79 889
799 861
409 188
496 567
538 563
767 349
200 38
93 146
822 892
988 506
841 803
619 494
944 833
310 501
983 639
118 347
408 261
64 278
498 803
35 823
744 477
43 443
233 808
516 941
956 786
869 217
454 300
639 33
529 189
27 437
234 185
535 820
919 44
934 440
375 925
845 58
547 107
968 281
663 931
663 485
951 767
1 904
906 57
740 870
817 244
585 792
356 980
43 682
603 378
448 208
917 78
251 792
593 645
329 889
320 820
682 772
946 768
277 881
779 312
258 620
844 725
73 846
714 908
569 920
137 106
710 167
425 527
717 936
457 360
883 778
973 143
10 760
391 68
514 530
257 123
92 170
85 389
729 106
228 165
532 619
515 67
143 443
296 685
353 857
940 370
920 494
301 642
295 356
244 805
43 935
155 208
862 396
811 696
879 251
830 157
272 750
83 252
951 934
101 64
435 165
821 787
102 393
960 62
380 365
212 179
601 514
50 320
714 630
550 836
650 768
914 353
892 853
220 303
592 233
117 919
698 495
922 151
848 785
321 586
434 277
267 396
215 676
507 994
389 960
421 595
92 90
678 980
520 766
885 386
693 472
186 129
148 159
51 233
193 604
894 428
134 481
985 612
484 153
370 163
922 508
827 296
264 721
471 185
265 422
122 641
490 964
482 573
165 941
842 90
845 227
798 207
382 916
663 195
871 897
569 495
739 259
682 488
787 942
553 910
70 953
327 869
47 735
791 366
524 814
663 443
361 156
984 371
368 969
598 448
460 277
571 457
946 360
908 791
323 696
102 412
269 542
833 242
949 954
113 807
589 232
854 328
596 296
700 461
98 604
692 554
774 714
40 849
879 999
124 453
763 97
976 442
126 868
496 637
927 814
49 219
383 865
420 489
967 103
370 732
679 643
967 510
662 311
510 296
978 40
972 146
887 184
635 483
678 149
128 816
216 950
613 861
817 240
331 911
779 816
775 719
304 728
582 81
414 214
378 697
392 705
971 461
51 712
123 361
752 125
106 802
69 766
229 549
636 498
375 301
61 406
122 428
831 188
773 317
795 431
246 645
970 139
413 94
118 491
213 666
831 448
744 831
415 404
843 287
586 868
560 146
340 268
798 177
661 448
287 727
134 807
359 151
184 907
665 870
795 459
729 26
2 527
64 239
393 865
875 143
329 626
269 496
773 630
407 175
667 398
491 770
88 540
105 943
931 503
770 714
855 718
420 838
925 443
528 449
166 380
337 33
972 471
686 558
887 324
655 919
877 940
847 779
114 145
256 1
473 888
903 150
575 496
516 45
86 22
66 350
421 293
