219 303
169 924
264 762
800 757
40 543
147 287
771 474
845 481
611 717
949 395
725 934
608 931
834 716
163 938
383 336
65 161
968 764
155 81
180 171
627 930
540 392
677 453
871 775
539 50
694 366
338 601
224 444
141 191
195 899
323 218
857 371
555 565
354 966
186 68
295 934
777 637
187 622
487 201
632 454
540 652
937 313
232 928
933 457
985 301
857 923
664 855
61 979
917 178
926 392
176 178
796 217
741 508
953 566
152 354
142 724
276 103
138 84
243 182
409 123
725 956
378 452
39 333
721 825
743 21
381 685
239 642
420 661
794 188
143 650
189 57
755 371
20 485
923 967
518 14
439 782
538 8
364 979
796 100
704 403
501 877
273 650
261 161
382 540
376 382
121 93
518 556
315 304
301 224
944 993
555 555
330 812
594 29
806 203
628 537
71 679
664 284
879 488
298 737
245 27
18 254
27 17
929 423
470 676
411 810
152 919
928 114
570 954
509 288
486 949
214 286
993 158
893 42
717 399
847 771
900 278
224 62
902 514
465 855
542 612
517 98
473 923
398 977
47 82
669 828
742 924
333 713
847 409
497 774
194 893
341 879
150 432
291 297
822 216
207 121
793 837
956 209
284 181
346 1
243 557
609 185
313 309
735 293
929 728
198 404
513 370
193 589
694 37
923 370
589 315
451 212
942 215
264 643
48 145
448 866
658 440
678 882
575 898
526 675
828 36
689 907
640 643
222 301
108 864
537 853
142 975
760 364
338 508
697 449
328 838
451 312
840 274
175 141
841 811
247 524
368 771
203 821
181 803
409 222
923 732
195 811
949 778
503 276
523 278
820 120
259 496
583 448
257 779
633 142
643 207
607 351
704 802
81 60
997 344
891 194
558 380
870 766
696 438
114 458
115 721
871 411
667 557
302 672
451 240
92 760
916 281
51 697
346 120
884 32
60 294
568 688
365 76
122 363
193 835
358 793
716 707
13 467
539 172
531 326
578 456
889 393
