559 502
667 804
701 891
887 291
508 114
348 50
721 470
398 922
838 578
929 371
499 497
801 222
281 497
671 464
140 860
276 267
105 101
58 703
131 820
36 952
490 345
59 107
104 42
337 53
3 252
364 566
950 904
600 676
861 273
562 348
503 618
275 206
628 748
796 645
533 15
571 783
619 18
851 247
420 460
356 152
759 333
578 724
749 971
985 248
979 24
312 570
770 947
500 656
991 477
565 690
801 40
258 324
958 817
281 456
682 967
688 277
542 23
351 78
657 41
247 287
933 147
323 823
710 885
714 597
799 77
629 395
20 251
490 464
385 342
560 905
647 27
161 952
381 811
734 575
619 536
778 395
851 499
140 931
780 480
197 314
518 921
398 557
785 117
683 247
527 934
209 156
924 857
222 132
134 321
365 757
984 722
124 688
61 602
683 202
260 500
850 244
678 678
149 718
979 609
541 384
395 45
56 381
711 821
672 744
275 936
950 524
886 944
201 737
80 872
4 76
709 530
483 617
925 402
849 642
846 636
657 733
831 268
208 388
591 447
995 974
173 488
402 933
915 721
263 361
220 334
534 265
808 487
942 873
230 412
299 333
453 274
324 612
247 751
182 286
43 942
149 412
605 614
109 372
852 224
697 864
662 460
272 57
637 458
775 108
245 226
894 635
954 206
361 821
214 336
194 505
889 54
198 614
950 258
732 957
839 73
213 607
56 746
601 915
483 288
947 190
483 667
416 741
907 891
929 133
259 740
907 592
631 305
171 397
491 937
612 360
497 198
373 845
591 122
192 495
549 150
767 262
801 463
736 978
305 836
173 983
976 72
140 172
891 497
516 843
505 466
65 778
163 660
541 637
490 798
671 658
515 989
926 880
690 98
423 936
477 692
492 78
104 484
259 446
950 899
754 482
256 707
260 970
173 656
759 759
25 152
856 166
75 533
685 728
124 176
66 40
446 993
996 717
928 382
69 714
429 761
758 965
630 369
317 496
476 169
433 738
968 911
885 608
561 451
86 251
707 313
755 299
557 586
477 130
153 513
911 720
546 431
129 601
331 515
552 220
913 444
969 135
226 21
3 195
543 763
803 337
755 945
61 10
626 810
59 511
300 672
434 818
353 983
940 514
879 710
316 870
320 528
26 370
679 930
979 559
838 128
822 264
636 298
267 42
52 512
557 626
795 150
982 698
948 420
557 646
644 784
943 87
598 606
392 269
707 132
338 148
115 813
459 221
431 407
724 410
317 470
45 246
969 391
813 777
921 265
528 376
804 420
349 238
312 4
839 240
709 625
276 783
54 247
895 231
834 428
982 544
717 396
487 610
691 227
269 161
439 856
475 905
835 384
330 327
954 969
108 724
50 282
368 34
602 423
332 210
719 479
918 925
137 278
14 189
843 365
918 926
946 632
905 577
933 490
442 316
652 687
776 494
957 829
624 137
657 449
601 309
397 692
786 837
411 730
854 146
772 237
371 693
857 900
799 325
147 436
655 507
668 404
261 172
317 957
737 793
617 214
571 852
178 836
705 548
222 362
57 634
520 64
323 107
71 638
782 932
262 712
112 544
1 197
676 844
461 7
685 964
969 941
952 112
155 629
468 130
555 830
626 786
211 829
963 819
684 70
295 114
670 472
772 455
652 534
292 760
585 578
999 642
826 583
38 362
59 738
28 153
399 362
665 968
463 755
188 8
73 867
764 112
598 832
528 761
681 460
669 918
384 922
752 764
337 127
774 768
957 229
929 347
847 606
429 546
44 277
270 966
377 567
644 925
395 122
462 886
589 3
117 354
496 194
57 17
627 415
962 64
486 484
270 979
818 220
261 337
867 768
353 429
14 336
594 526
945 142
234 126
217 228
139 446
14 13
806 338
903 883
253 778
457 129
643 507
918 111
985 109
361 13
588 338
844 725
869 136
40 933
250 820
712 627
390 451
117 931
107 816
831 357
646 569
432 906
34 377
718 806
819 17
536 390
872 769
105 151
799 520
575 332
936 428
573 850
771 401
150 468
865 526
342 462
906 780
532 610
381 626
998 754
942 80
437 953
193 655
49 5
988 789
526 358
223 679
407 781
431 826
315 575
814 34
764 299
303 457
636 986
646 744
593 619
714 531
773 956
263 564
301 207
513 730
595 704
391 828
960 97
467 184
680 522
899 244
22 15
710 277
778 174
42 770
28 52
644 476
32 39
193 761
315 717
302 432
876 681
854 203
437 359
992 956
540 666
494 976
263 753
395 496
222 138
903 102
907 770
50 944
256 611
607 469
413 696
956 684
104 752
136 71
533 832
460 959
441 345
572 955
847 357
918 568
101 860
947 276
220 683
581 14
842 486
956 352
160 777
518 769
652 260
88 779
851 977
249 270
786 306
983 950
16 120
205 711
914 998
282 515
85 609
708 422
861 431
299 287
839 175
434 343
52 797
183 598
369 631
145 480
784 72
935 938
56 964
654 489
403 334
4 233
137 481
996 28
969 61
471 882
719 397
449 386
932 272
224 81
247 990
43 190
995 993
3 995
225 181
429 100
