408 171
882 373
495 125
475 591
913 839
484 167
702 254
622 439
808 718
759 854
127 446
556 710
695 434
733 781
208 718
241 106
609 994
477 665
953 488
772 837
95 210
794 213
494 851
561 299
470 379
648 834
732 483
741 458
980 175
723 757
14 669
376 470
879 76
899 800
240 119
224 827
535 680
241 879
861 916
869 898
937 814
632 552
929 776
528 939
962 60
365 710
19 676
818 696
291 236
578 825
377 526
238 241
718 910
59 748
179 62
963 708
325 813
199 863
490 35
6 374
35 84
19 61
650 589
944 189
480 949
554 273
840 288
839 916
148 184
13 275
470 492
313 803
871 841
132 877
33 804
667 970
775 465
204 158
467 843
834 348
96 573
164 669
231 470
510 172
185 518
668 563
589 873
153 361
944 213
235 169
595 155
462 703
295 379
867 680
378 457
361 664
680 717
325 273
534 655
13 405
725 963
797 810
552 387
134 31
516 972
815 202
124 920
700 794
122 799
653 960
163 622
2 943
481 583
64 940
465 32
417 162
984 66
842 831
884 215
713 493
882 534
480 862
760 897
707 550
381 170
645 200
656 621
498 695
468 16
284 474
180 993
122 332
627 423
52 190
203 30
628 791
992 852
223 777
382 891
863 344
490 781
532 895
117 826
471 592
98 415
389 873
748 907
426 587
699 408
107 287
903 29
975 222
201 972
665 289
302 884
518 760
991 769
868 48
795 102
395 950
513 823
663 249
330 446
182 347
306 879
913 526
232 976
820 790
802 307
165 834
427 702
807 276
410 915
804 255
133 866
856 88
968 521
879 3
660 285
340 508
244 736
751 127
441 753
961 206
207 204
917 49
338 59
431 575
207 712
153 861
807 492
127 839
788 227
905 641
813 502
980 250
401 843
793 432
288 613
687 62
1 421
919 4
752 240
487 780
177 522
713 508
958 404
803 867
408 514
715 830
549 794
263 185
830 850
1 136
254 80
698 808
672 708
227 13
882 353
366 749
588 730
898 25
966 16
996 48
341 995
429 624
801 484
53 284
766 418
753 557
589 608
194 632
904 186
669 162
444 512
166 298
436 668
331 575
553 370
324 626
753 822
801 564
188 321
428 273
106 720
338 165
159 395
635 711
306 38
818 442
807 623
461 401
651 547
938 431
530 773
865 12
791 947
706 608
860 515
451 1
59 891
832 79
452 516
354 306
417 305
322 626
903 317
264 897
347 835
203 107
556 516
946 948
873 779
451 101
925 545
976 325
782 174
145 422
480 549
710 770
636 181
122 805
19 22
188 612
84 186
691 390
49 71
763 841
855 115
416 430
787 234
423 373
866 787
360 963
771 339
141 856
424 321
535 663
693 132
151 833
742 441
923 826
897 831
589 190
221 782
210 879
638 775
977 827
96 676
757 981
33 117
636 833
65 605
742 821
28 272
300 83
191 427
601 827
103 879
864 534
966 532
861 397
780 653
388 769
404 677
67 873
346 703
2 746
930 142
723 289
602 650
616 678
220 800
21 487
450 166
982 301
517 303
891 388
457 20
51 909
987 609
205 646
836 449
29 374
723 130
919 648
303 323
598 658
940 77
729 320
795 813
480 237
48 222
486 552
248 703
116 256
948 396
6 744
31 670
799 348
330 261
650 659
554 814
43 539
129 465
552 547
897 678
548 682
294 682
930 917
345 773
941 639
55 529
652 802
508 666
40 231
279 289
221 337
329 15
222 867
414 826
638 788
871 529
181 608
252 210
380 165
262 180
250 810
532 476
121 445
632 30
458 754
34 898
46 299
86 409
220 50
518 534
886 102
809 667
540 203
583 49
487 250
270 949
528 217
418 958
192 22
834 58
628 991
778 103
