773 636
156 580
984 807
742 756
636 371
247 176
435 381
190 464
801 434
655 504
588 605
362 660
658 619
907 548
911 258
803 232
102 920
24 769
276 114
132 643
237 377
351 453
181 496
431 335
523 659
718 784
318 874
249 960
753 112
621 930
902 474
679 322
248 606
108 457
661 72
522 319
624 635
12 570
176 365
880 370
602 811
481 953
217 969
996 365
144 425
275 330
34 91
58 454
957 154
936 426
450 518
464 754
370 540
845 704
924 234
783 58
984 961
625 255
236 487
952 333
113 545
801 828
469 292
24 492
74 438
447 692
268 177
966 469
460 794
750 331
300 784
555 747
954 364
848 991
593 120
27 503
549 412
738 1
953 322
7 170
935 733
765 411
376 749
31 60
505 578
548 625
169 355
731 280
247 731
701 758
75 417
825 828
744 887
465 35
410 69
546 714
714 219
394 835
417 223
209 249
72 77
213 178
145 431
108 27
773 453
901 833
223 250
469 982
78 665
392 454
53 969
464 866
277 662
8 891
635 628
515 541
365 967
627 517
298 494
866 980
474 620
429 328
532 661
99 119
827 24
977 893
526 888
908 275
449 761
385 71
356 730
785 369
157 37
294 200
450 597
98 161
88 102
470 989
929 667
253 505
581 190
54 712
28 351
118 18
102 84
112 542
759 329
466 36
12 65
745 683
754 204
613 766
619 362
901 335
237 368
590 296
282 702
978 908
97 223
418 138
119 725
158 622
354 603
607 689
72 414
185 771
384 895
751 454
287 900
64 564
561 357
609 165
693 771
739 827
602 329
879 278
731 707
260 153
564 443
387 357
261 536
382 225
408 280
549 860
913 113
489 260
945 666
713 992
677 303
203 434
149 161
954 824
630 209
50 285
889 547
387 590
136 443
618 872
868 117
633 917
63 106
666 408
420 796
622 55
911 795
663 383
515 402
51 392
753 20
937 488
454 198
202 862
216 575
467 158
907 840
660 52
638 822
611 781
313 702
961 489
105 77
362 640
623 753
68 93
347 897
853 241
766 489
798 413
842 26
147 982
969 278
174 959
503 550
710 515
564 162
825 857
347 987
388 286
240 412
634 353
10 132
523 465
115 187
102 79
738 31
128 498
951 627
877 593
83 586
388 132
773 677
264 71
333 382
417 999
786 47
1 317
960 53
47 675
169 145
952 303
19 71
218 940
383 996
949 354
756 680
137 679
829 937
780 774
688 151
891 296
448 351
316 264
999 179
906 857
832 594
611 908
351 910
847 587
570 717
858 105
790 442
562 796
677 82
323 228
491 375
57 435
576 695
152 914
685 277
604 51
278 462
783 772
400 508
125 616
787 743
478 607
337 572
116 604
737 318
842 382
133 78
557 561
819 900
232 368
898 687
753 598
325 972
341 269
57 618
438 624
620 139
258 930
597 896
918 173
60 430
925 318
725 247
831 287
21 497
275 879
222 92
166 370
951 660
196 838
783 274
945 479
543 175
604 261
3 498
780 798
534 623
694 260
143 862
737 317
517 633
524 318
551 388
373 831
676 726
262 983
381 791
863 89
440 713
948 195
313 550
291 150
550 626
290 101
258 328
501 573
728 174
434 559
170 558
275 355
96 232
507 306
466 749
928 736
324 659
628 21
674 726
739 905
64 723
59 544
604 276
833 804
837 622
286 468
186 359
504 511
782 356
524 388
796 907
115 288
723 743
127 844
137 395
272 535
378 431
337 112
628 644
948 660
76 700
574 186
199 348
412 16
686 236
697 453
859 478
124 461
629 628
429 676
310 147
524 915
263 791
140 819
973 519
667 222
367 307
60 715
756 143
366 531
130 687
497 692
158 999
777 349
345 871
849 251
640 232
713 848
807 855
904 545
504 706
667 751
682 149
884 261
461 366
713 3
635 982
134 320
75 856
756 558
523 223
18 978
419 779
883 488
428 448
472 12
268 902
538 316
959 297
182 162
201 845
927 693
390 222
950 400
202 815
453 740
392 504
968 817
682 527
646 177
14 744
562 855
428 604
994 236
385 74
106 428
127 283
529 360
436 256
29 18
606 652
224 361
602 713
137 20
308 363
427 68
990 166
75 580
372 990
71 632
55 642
783 753
291 115
212 254
832 84
508 691
226 72
605 875
474 340
320 324
346 507
106 715
247 850
205 48
907 601
76 351
32 67
845 497
492 841
855 696
433 501
120 176
925 242
6 399
477 497
167 547
850 548
120 818
594 428
493 787
202 166
641 435
649 315
942 615
135 368
596 614
118 192
58 217
888 981
630 992
584 20
128 583
57 191
587 685
271 98
550 92
729 487
219 407
610 192
562 430
329 803
767 791
172 669
825 689
395 715
852 419
818 418
261 686
286 225
17 649
832 84
795 852
744 333
486 872
398 330
645 694
35 300
203 125
205 596
513 379
744 667
373 358
966 81
329 938
798 868
890 417
162 265
379 258
594 807
174 976
348 26
353 942
287 627
128 455
137 311
717 696
222 132
434 128
800 9
909 721
970 465
711 287
740 74
118 443
121 593
106 202
240 126
182 17
983 115
162 81
322 591
101 801
216 364
641 89
324 258
743 275
992 420
734 170
640 407
724 443
387 798
313 724
862 909
991 368
82 231
497 169
454 467
763 724
759 461
310 546
132 404
451 925
314 173
446 466
664 902
111 844
83 315
570 352
22 69
778 826
386 613
113 542
980 358
751 297
213 456
675 529
84 541
894 595
452 234
162 955
892 906
863 848
174 305
997 338
732 90
235 486
389 576
234 778
25 726
191 67
476 552
161 585
634 523
221 597
413 228
575 881
551 232
128 737
193 333
196 781
244 205
20 658
446 426
4 812
907 749
116 995
89 289
564 552
216 979
241 828
483 641
579 876
109 883
527 105
91 298
898 471
387 843
593 353
310 36
938 210
711 285
971 215
349 103
126 265
71 17
217 262
993 389
842 822
313 364
342 752
992 300
248 470
175 161
826 506
706 253
455 970
260 724
877 92
857 113
306 573
266 40
115 743
494 610
757 603
706 652
677 329
370 955
155 677
238 904
770 425
419 240
102 271
32 110
303 497
420 319
843 572
301 710
768 511
509 724
508 882
54 697
544 823
733 762
924 800
475 114
23 254
142 275
694 816
899 117
388 522
445 636
52 802
43 874
32 639
940 213
26 329
282 608
296 579
577 709
550 292
948 169
303 375
743 22
158 956
525 31
170 921
605 30
108 338
303 149
957 313
815 914
553 887
583 680
998 496
266 369
459 632
297 382
896 476
703 315
145 881
172 480
150 615
763 529
171 407
799 490
960 807
166 221
194 828
886 126
762 693
363 111
312 936
928 615
840 342
667 317
303 423
70 495
826 331
764 931
841 819
210 594
673 487
325 141
892 406
649 950
407 2
852 781
450 552
317 186
200 438
551 289
918 998
60 459
977 130
18 856
118 794
31 75
883 716
211 966
976 491
848 202
358 660
175 359
453 810
166 818
945 419
386 197
56 268
137 487
599 270
723 216
463 15
