126 245
707 748
977 821
698 439
961 762
900 932
995 787
239 956
782 866
699 232
436 709
688 803
149 440
23 844
136 138
693 521
310 313
349 552
900 193
478 968
748 383
637 813
814 300
533 526
426 423
494 716
61 153
611 371
628 267
157 814
416 639
283 767
381 585
787 998
986 344
509 382
808 845
964 380
410 51
886 31
29 686
687 850
388 942
283 500
840 342
576 139
646 651
363 209
608 289
919 464
853 492
993 313
433 793
876 261
365 181
68 91
400 290
500 219
769 703
232 524
394 662
417 164
777 791
529 201
110 895
483 91
102 780
896 91
551 141
927 201
777 562
643 658
342 345
776 527
282 498
240 317
3 821
386 888
646 609
813 285
184 562
982 660
657 453
825 631
924 655
599 869
310 120
779 856
758 337
870 826
440 948
843 214
644 732
382 555
124 169
541 271
662 110
60 72
905 169
191 625
964 720
93 638
118 668
452 93
704 285
379 951
306 357
704 158
700 837
741 846
430 380
206 682
403 477
283 152
753 638
555 825
773 428
513 446
610 232
661 79
679 340
126 226
648 140
250 569
610 681
711 328
537 909
