512 691
224 778
177 460
22 705
943 404
830 35
851 367
93 385
690 419
846 993
789 549
232 397
674 973
257 698
972 601
478 881
557 320
254 834
999 44
587 923
785 130
104 442
544 878
491 684
455 299
839 836
689 181
378 48
7 225
730 785
702 110
52 485
54 651
766 42
166 996
675 691
214 8
300 541
962 883
209 741
58 366
988 52
982 641
425 766
308 192
479 472
924 983
452 330
641 647
446 682
231 214
976 489
841 894
604 830
964 559
391 706
536 425
881 595
455 38
475 693
847 673
933 774
373 651
15 981
176 826
80 959
679 206
566 610
475 771
689 411
404 73
763 155
772 588
555 311
814 424
408 559
9 946
44 835
765 201
894 683
896 1000
203 253
352 768
685 302
714 911
87 487
669 259
576 26
548 312
410 828
553 370
634 335
727 974
624 828
922 303
680 135
785 10
549 615
636 318
489 330
918 162
719 995
676 954
515 174
534 851
657 989
724 467
764 905
275 614
296 650
735 6
361 364
851 294
948 258
486 725
627 174
654 314
99 510
223 758
323 839
268 374
172 545
225 522
117 592
173 50
261 228
416 184
641 972
219 778
386 957
539 811
961 258
422 719
17 794
372 371
992 847
724 775
86 748
951 923
88 224
38 424
524 586
184 550
288 854
272 267
841 204
90 596
218 540
834 212
899 394
848 445
542 949
741 597
588 747
334 86
833 720
743 279
813 144
246 984
332 568
636 130
232 491
540 925
529 632
929 352
312 751
329 533
956 300
901 58
753 493
526 910
214 603
73 389
304 596
74 958
94 569
462 970
550 99
106 450
55 557
457 16
820 981
240 852
317 946
836 892
47 74
616 988
255 416
924 992
107 6
316 736
499 393
672 754
55 739
35 996
604 347
800 243
503 274
178 668
618 197
313 268
553 230
746 660
643 868
269 19
151 845
999 784
223 810
161 760
680 313
677 785
448 499
68 990
683 911
10 778
906 163
975 688
997 960
792 778
61 529
273 658
157 517
930 862
364 262
161 602
520 581
22 498
822 395
146 764
534 72
852 22
282 25
75 270
572 908
711 750
580 232
274 961
922 478
766 68
396 767
587 890
100 91
340 829
362 53
10 929
576 507
962 807
74 172
473 117
731 227
837 741
702 633
36 487
378 155
554 380
630 276
612 210
620 110
905 838
66 458
3 451
153 857
745 536
128 449
460 97
436 237
12 371
601 965
261 987
369 973
380 13
587 41
687 977
375 930
280 254
504 549
832 621
586 12
112 185
339 663
987 488
361 25
634 125
671 504
654 221
733 435
887 25
733 974
140 965
321 689
807 788
374 864
159 265
678 334
839 403
610 195
508 763
170 221
444 30
708 92
389 743
841 132
616 653
639 241
515 866
580 183
840 188
290 455
926 578
259 279
303 736
109 438
423 881
214 951
540 328
210 432
556 917
243 978
693 885
635 859
87 591
328 139
106 43
180 403
935 65
507 447
287 180
747 656
151 646
900 78
817 722
409 892
576 535
160 804
94 863
335 780
61 763
777 750
33 855
677 446
785 796
477 9
420 358
946 445
483 614
384 145
531 312
195 773
40 147
381 975
535 838
888 986
632 201
985 419
462 704
937 530
788 624
763 455
180 194
980 837
164 759
201 30
418 483
969 276
570 520
372 282
16 248
863 463
519 448
332 148
892 655
249 197
120 701
158 187
407 250
866 464
352 231
424 546
178 859
16 36
640 367
645 371
706 561
588 511
173 244
664 476
552 181
826 807
64 667
724 820
301 321
436 387
267 529
70 181
140 840
91 753
722 676
249 145
887 400
636 937
390 325
814 53
859 843
887 164
786 941
292 451
423 654
194 874
631 29
51 144
709 960
542 537
184 137
888 145
553 570
373 877
842 981
699 862
930 499
334 418
58 773
728 574
243 63
506 154
126 703
865 619
434 450
551 595
90 9
178 839
270 599
417 842
571 77
852 865
975 440
119 128
754 819
38 368
67 878
763 825
302 471
942 772
502 447
420 138
487 291
966 231
982 247
423 984
343 190
875 700
884 189
264 201
715 41
48 592
102 358
706 88
173 493
767 712
528 725
6 469
984 535
446 904
301 846
921 658
648 46
913 645
37 653
650 455
500 361
302 519
360 268
870 470
234 531
260 372
33 376
385 834
423 505
609 896
122 578
779 370
229 335
117 461
502 171
574 286
430 704
394 47
133 725
625 584
952 625
971 168
696 697
891 364
73 599
411 170
289 144
264 31
264 677
824 225
360 946
182 103
373 555
823 370
643 166
978 918
318 141
819 232
221 203
73 191
715 785
270 926
122 332
938 946
113 314
