717 708
708 690
647 485
916 617
200 480
435 853
38 268
158 409
703 800
741 874
430 539
351 329
485 579
24 334
849 159
653 511
186 37
548 143
874 172
230 324
340 354
777 867
238 357
77 951
419 483
200 868
652 318
622 336
418 162
149 625
184 184
426 540
390 197
58 105
6 331
883 602
306 691
963 205
676 416
855 145
433 208
926 766
755 482
278 240
687 797
922 443
741 170
673 166
745 969
114 523
42 523
374 689
502 789
951 693
949 880
645 142
316 266
533 896
675 354
858 933
558 328
95 646
712 522
836 563
393 499
195 531
259 384
38 602
529 264
591 647
583 667
898 555
427 309
238 744
513 848
67 369
660 442
735 871
219 409
190 485
873 504
292 40
987 396
730 461
931 557
752 673
325 683
376 891
35 667
895 525
522 312
345 27
811 131
792 502
782 511
533 116
110 257
889 165
133 280
830 153
554 429
558 213
735 78
389 873
809 215
853 203
793 317
417 331
167 770
725 574
95 163
57 814
23 922
653 253
694 752
186 205
797 830
791 303
632 767
956 121
145 845
62 822
942 854
847 15
356 38
402 299
963 327
98 75
710 709
554 26
884 825
733 512
630 767
156 939
475 542
436 949
156 317
834 287
289 969
636 243
482 800
567 296
612 697
107 762
487 274
163 6
430 423
671 598
573 443
267 343
301 517
11 229
297 290
704 23
73 529
975 419
802 975
892 50
519 639
344 494
467 5
109 186
230 635
375 519
403 892
666 678
139 514
465 308
148 398
553 154
28 380
805 271
837 946
202 253
551 736
613 68
133 371
698 218
878 879
951 424
734 322
2 413
772 157
345 630
411 770
4 902
337 611
325 631
461 663
826 930
658 993
367 259
789 291
382 912
945 374
772 724
306 840
241 117
155 845
889 657
541 10
907 108
999 428
556 829
335 336
669 295
875 907
978 407
404 568
735 249
317 135
457 198
239 531
693 956
417 420
690 840
950 80
51 751
619 267
747 530
687 46
875 770
800 911
883 746
981 98
549 946
782 179
580 803
77 672
469 419
151 754
557 415
56 595
737 320
3 647
88 359
902 872
975 407
311 456
642 890
654 653
613 10
882 656
782 242
305 966
55 448
447 669
427 100
637 207
745 948
590 569
463 408
220 580
454 133
768 498
259 187
708 241
779 809
387 679
309 970
111 139
480 451
737 490
518 543
924 457
15 172
917 715
580 907
809 291
434 766
315 930
409 10
298 501
121 260
279 463
276 408
341 836
19 134
761 870
448 393
602 621
105 129
32 882
185 641
32 512
939 632
491 965
803 792
560 949
110 662
11 456
433 945
208 670
807 350
511 347
539 16
929 452
77 511
23 61
558 743
105 154
264 345
141 381
153 920
570 638
59 864
630 413
737 705
375 198
706 528
54 900
584 291
265 306
181 430
288 887
604 681
420 438
637 834
948 243
526 384
250 121
744 234
531 688
137 994
241 833
119 698
108 525
651 184
738 983
448 825
147 969
841 525
997 745
20 796
537 502
797 521
525 705
247 477
474 295
293 537
968 590
700 661
747 957
14 271
401 265
454 257
122 436
258 427
150 392
417 569
217 374
523 376
888 307
517 625
426 165
296 136
225 83
54 77
786 691
959 971
911 793
292 655
244 691
308 346
329 645
615 390
636 125
109 784
499 869
48 417
658 650
955 577
957 895
911 396
476 397
370 309
390 98
941 727
687 890
417 557
481 132
748 904
735 397
472 131
412 900
403 447
672 434
691 418
59 315
461 142
506 791
158 841
303 193
201 458
117 253
852 83
340 770
62 277
646 506
764 135
537 478
503 851
756 15
887 995
827 790
501 251
797 741
193 464
373 36
408 611
93 401
3 997
390 443
159 10
879 26
591 304
452 125
533 115
51 453
754 410
689 272
128 392
611 557
650 233
345 48
689 967
569 160
277 602
915 939
47 992
904 592
818 795
325 88
418 103
505 131
553 226
73 336
320 608
234 197
98 282
978 81
343 639
933 858
811 769
410 605
798 664
245 747
779 447
86 208
212 260
984 434
46 99
546 34
674 634
277 538
493 822
860 662
485 469
136 859
318 775
767 383
46 988
926 214
683 974
417 451
136 311
927 860
232 708
740 557
9 242
249 525
990 755
718 500
652 477
241 504
87 610
297 494
543 196
781 513
272 886
318 77
948 467
491 866
973 328
846 596
980 470
114 760
314 531
945 969
642 950
980 575
973 134
731 254
392 994
664 408
258 220
310 349
841 570
689 31
775 20
308 336
642 257
614 23
227 768
247 781
878 694
785 52
26 660
756 763
898 321
894 404
120 33
977 493
911 142
259 800
889 410
834 937
440 733
77 435
867 799
324 367
233 381
828 674
992 440
231 713
89 436
636 666
857 524
184 904
506 938
356 962
825 234
484 432
232 419
271 160
823 532
26 934
406 91
597 657
529 179
683 249
508 580
555 100
842 666
313 621
36 873
816 199
779 321
860 410
66 928
9 44
592 194
870 721
447 56
38 982
411 26
366 510
477 866
134 302
480 620
265 566
490 449
907 943
501 385
704 345
58 944
690 93
799 886
19 299
37 158
578 112
791 83
736 232
269 862
806 414
425 713
166 930
605 305
826 739
781 655
82 305
71 22
959 383
91 253
213 533
440 669
778 292
852 471
625 380
389 100
144 179
882 846
874 473
339 878
514 842
494 174
794 725
919 427
587 586
824 768
808 926
282 807
509 942
296 299
868 2
714 190
363 744
998 635
702 506
238 28
648 62
344 172
801 995
326 781
268 523
70 45
571 271
5 115
281 723
281 405
819 886
118 382
263 428
440 40
959 450
318 695
786 809
132 154
495 553
526 438
887 729
362 423
467 450
441 757
714 247
52 474
702 228
664 447
664 904
500 952
276 587
374 646
106 944
255 734
47 951
470 683
325 259
210 717
753 490
244 910
406 935
704 478
115 441
135 596
985 707
977 976
759 466
31 299
975 827
761 902
888 615
222 272
271 434
608 957
341 510
757 253
75 411
891 208
771 504
883 850
948 23
325 833
179 256
150 710
115 664
472 608
812 618
867 596
65 677
732 981
973 838
312 76
717 529
596 162
44 432
450 101
639 106
801 832
542 955
882 403
7 369
447 449
484 434
794 963
279 742
591 282
188 491
808 979
595 568
273 80
803 60
605 907
958 825
179 627
5 214
372 349
772 142
574 432
171 774
90 910
877 827
146 956
636 377
447 47
926 290
612 1000
70 449
517 996
