597 517
669 680
792 364
443 903
258 855
562 338
445 943
564 907
446 27
946 72
77 706
328 260
536 183
675 89
685 762
6 622
753 362
267 664
906 729
483 86
71 113
354 520
732 945
489 181
764 567
272 690
417 1
738 60
727 633
210 807
79 993
526 483
585 953
86 151
1 958
173 467
623 164
720 396
946 815
477 358
939 982
394 68
4 675
19 280
704 286
960 432
364 783
380 70
491 850
929 619
14 235
110 916
650 779
227 783
300 238
862 213
646 895
350 256
425 690
488 321
153 687
544 728
631 584
416 485
725 64
926 173
522 839
437 66
715 964
267 713
322 415
128 149
901 531
967 691
361 481
518 530
282 416
164 765
852 265
423 864
868 893
622 78
752 702
28 847
588 669
45 755
945 779
450 380
157 355
566 493
873 58
64 688
957 958
862 746
522 164
838 44
721 509
998 928
729 918
501 80
884 403
192 19
196 968
65 831
815 8
701 66
44 498
920 412
982 844
816 90
284 700
451 37
376 565
61 330
603 822
328 742
106 691
1 624
397 561
331 261
525 37
384 494
367 834
19 461
979 708
550 491
37 455
514 328
459 38
511 641
881 593
49 140
202 350
53 648
445 647
124 368
975 350
123 369
31 920
494 760
211 145
430 335
116 245
282 163
736 973
281 115
194 71
92 749
681 135
255 10
260 857
149 339
440 491
666 572
805 113
927 85
555 868
663 503
27 493
906 749
297 173
317 35
763 586
90 188
969 193
835 961
133 163
121 257
410 588
111 167
468 645
779 196
232 533
388 333
84 577
186 574
968 278
683 241
931 904
592 580
80 486
846 759
30 44
815 632
391 625
144 774
667 399
619 212
449 643
807 452
871 559
987 747
403 138
353 522
122 127
991 585
936 208
940 521
408 857
773 573
389 677
33 491
397 957
959 136
523 416
674 570
11 630
506 325
753 844
452 925
765 900
563 299
736 542
731 561
341 827
698 25
540 574
879 255
76 691
377 204
641 179
26 891
207 462
634 440
907 588
496 558
178 624
755 619
20 148
620 298
569 765
152 619
52 654
42 935
177 609
245 732
790 166
174 763
970 783
492 202
397 409
510 572
835 488
57 616
85 271
933 257
959 784
397 547
498 167
401 976
218 489
749 165
655 214
521 710
210 102
737 142
521 410
168 638
541 24
378 149
879 258
870 723
286 432
301 103
354 384
464 509
550 520
479 911
816 173
182 412
971 417
638 458
944 37
521 920
832 753
972 980
29 886
176 994
829 376
625 347
775 779
767 146
243 504
240 743
287 202
77 669
86 444
567 901
495 294
276 560
537 29
515 564
40 572
428 935
57 674
387 565
570 170
134 753
153 305
301 686
383 123
200 483
844 87
311 297
336 130
684 368
551 472
121 26
731 437
405 900
131 227
813 56
894 315
934 278
821 474
459 356
899 671
320 887
335 416
701 524
72 339
520 828
696 164
720 385
732 679
954 953
995 231
380 687
958 86
585 708
322 927
96 810
158 176
135 70
733 554
274 496
977 827
373 585
119 677
135 222
218 323
889 505
960 944
182 236
967 271
247 587
578 72
116 38
53 742
448 612
294 754
400 263
879 806
719 827
985 185
2 25
494 340
361 517
264 996
287 413
620 405
856 827
558 839
175 58
182 459
164 292
724 311
961 762
918 15
426 731
506 129
783 640
735 45
461 614
600 122
958 48
678 721
413 803
416 767
104 586
885 479
988 35
592 241
905 432
308 684
676 830
736 159
408 760
831 433
605 264
471 421
155 818
4 958
927 346
950 820
503 649
227 203
863 824
364 738
490 652
948 223
558 257
29 398
909 794
135 729
298 931
227 9
156 177
95 619
568 428
866 298
34 843
897 252
847 198
692 35
659 43
331 550
152 311
336 176
541 857
285 953
430 87
300 615
426 402
686 170
13 832
819 668
113 519
324 527
655 715
626 867
831 948
9 896
895 817
531 153
327 723
190 645
628 689
865 185
658 124
883 568
82 800
15 843
206 707
822 887
321 657
286 150
146 523
435 277
879 102
816 31
544 562
755 755
801 896
207 762
275 271
626 731
231 36
321 614
166 967
895 623
779 287
59 336
627 873
794 229
470 734
918 371
442 952
5 990
772 484
742 613
441 382
359 372
300 959
544 621
270 985
394 330
313 625
756 903
52 568
824 804
913 772
724 25
145 251
458 279
275 691
336 77
174 162
445 501
747 384
411 493
636 787
582 793
681 223
205 122
833 803
721 104
212 693
160 393
543 925
69 54
354 985
602 803
167 283
662 334
473 652
848 86
292 941
767 357
940 579
587 754
976 257
756 895
979 160
164 912
789 920
128 654
258 996
113 663
747 148
518 722
787 545
746 979
871 59
818 142
805 528
932 685
523 380
629 360
186 496
449 891
864 999
255 962
827 81
601 35
170 668
475 50
793 967
373 293
257 271
250 486
321 207
158 229
376 520
163 366
957 904
930 242
460 366
599 981
432 153
334 196
670 529
58 409
85 22
577 426
110 71
310 890
45 862
466 296
605 677
418 102
730 15
782 871
521 732
473 913
766 11
430 41
711 328
992 387
589 618
862 461
886 77
552 484
587 898
233 335
540 888
881 190
439 250
176 859
196 869
481 375
330 578
804 489
71 743
341 226
396 749
357 825
688 100
671 276
188 22
556 597
420 987
402 846
578 592
418 344
53 647
600 38
287 117
