300 585
909 93
475 181
816 525
254 192
959 516
463 357
131 827
771 314
143 522
542 242
658 326
577 400
505 651
931 57
227 706
14 545
278 340
312 737
901 267
558 100
135 374
217 79
85 227
856 988
59 119
328 595
501 693
334 522
878 401
883 422
902 530
798 689
902 984
441 515
398 493
372 293
529 160
74 333
717 294
243 366
845 476
996 375
106 427
486 227
684 56
820 859
766 562
427 538
936 617
730 220
338 520
479 723
966 29
914 637
229 741
308 446
347 798
44 656
964 609
816 183
675 743
407 422
267 108
929 159
367 787
550 119
522 467
927 371
502 494
637 567
235 954
364 181
894 387
766 431
796 850
324 34
93 23
954 328
451 343
559 880
171 565
22 125
212 62
319 117
583 836
52 413
250 969
15 704
219 269
524 892
330 649
742 997
956 115
224 789
977 980
92 750
737 776
274 979
277 327
61 382
229 179
759 416
345 423
718 600
204 412
56 78
727 656
267 34
331 155
853 965
6 509
434 283
119 3
504 324
976 885
662 161
885 384
735 558
506 495
887 723
496 813
781 410
507 225
85 506
548 302
359 830
539 265
619 496
248 97
457 288
103 845
15 476
97 454
225 200
145 260
845 541
416 726
563 185
586 186
71 919
771 134
586 7
773 273
437 656
632 508
750 313
695 193
983 977
281 744
65 408
425 105
307 686
430 603
445 651
650 754
17 598
234 90
488 698
889 21
277 978
300 952
988 824
465 250
2 578
61 344
932 964
473 852
844 721
832 792
769 743
604 326
559 894
526 56
239 564
617 319
866 766
765 623
188 392
373 865
757 550
88 854
657 516
716 650
860 262
210 289
276 980
836 993
281 289
848 605
619 362
250 989
621 908
56 519
916 492
886 390
687 879
954 923
558 272
784 848
801 495
266 627
294 401
226 78
863 167
724 38
154 381
854 714
633 257
556 406
44 805
280 795
598 386
957 747
59 468
458 226
409 204
510 53
40 586
864 968
262 54
461 719
219 2
936 990
711 970
400 700
281 776
704 448
222 738
294 678
890 13
500 537
953 751
776 21
863 699
576 852
68 470
518 261
900 796
31 426
110 869
632 629
472 452
991 521
769 975
775 684
416 839
998 395
441 890
968 26
550 377
753 685
666 448
831 214
660 179
6 681
43 659
926 422
431 605
635 401
613 537
954 848
723 249
212 682
376 409
664 541
242 977
577 596
86 177
939 884
234 343
286 847
452 81
464 63
263 108
203 855
724 388
423 878
644 348
630 374
54 269
479 476
625 220
328 808
706 423
900 740
397 872
393 884
490 361
54 575
333 100
192 135
385 143
438 184
157 23
72 265
665 44
419 54
111 228
463 170
278 165
