335 677
47 217
565 880
235 418
810 488
269 804
979 512
440 186
802 115
393 102
559 648
976 849
802 285
775 679
560 382
75 189
360 889
287 658
431 660
267 971
415 844
149 671
984 620
578 686
929 363
143 13
542 140
862 193
970 557
826 552
626 666
784 555
307 796
743 501
975 766
169 238
904 781
831 751
410 47
487 989
359 340
722 767
608 208
150 708
39 363
725 948
845 121
242 636
379 174
732 213
404 491
40 898
509 380
188 118
107 760
662 453
961 461
990 678
559 661
990 187
712 768
988 64
1000 203
281 874
329 203
47 121
147 382
341 488
182 28
300 530
28 417
218 33
215 724
479 151
501 839
589 208
617 568
997 179
835 139
272 615
49 43
914 135
563 408
632 621
107 239
978 920
106 145
622 122
501 171
251 47
296 255
887 438
916 935
770 551
857 327
916 748
844 791
980 478
516 120
303 4
889 317
353 42
207 897
144 390
118 451
970 811
306 226
892 784
594 386
19 95
168 291
851 272
727 624
535 520
454 372
105 407
510 590
383 896
447 202
696 392
890 99
797 291
60 28
676 508
623 176
128 167
112 113
120 2
535 357
219 495
315 796
212 480
176 460
547 326
71 581
800 599
97 38
380 111
931 116
219 441
774 362
728 600
654 71
255 295
957 467
301 269
705 336
423 490
209 441
352 620
910 687
540 648
984 488
243 793
250 822
222 476
234 484
218 62
873 731
100 772
378 388
434 887
505 882
737 449
878 230
675 853
589 765
306 958
454 491
740 936
894 814
752 242
241 196
348 90
449 893
123 488
552 204
534 696
377 316
384 323
262 771
433 223
514 332
510 23
49 581
728 798
219 164
653 304
60 244
801 328
910 650
4 198
775 491
753 374
215 110
81 840
874 404
410 274
969 387
637 720
840 205
386 792
889 233
787 589
422 231
526 348
308 608
78 868
990 935
163 318
309 754
135 175
952 852
663 695
842 588
822 322
460 372
44 985
129 682
543 370
4 713
371 378
732 670
511 237
236 338
613 486
670 211
440 83
38 164
911 90
887 438
844 83
901 355
201 369
59 237
756 77
182 645
243 966
116 791
202 10
987 766
283 255
97 653
547 102
479 641
467 630
779 241
554 413
370 223
123 704
947 543
920 605
510 652
262 845
91 570
622 419
919 660
900 152
861 873
809 703
408 370
811 220
276 759
164 422
264 468
359 505
366 113
241 879
604 98
621 942
739 551
948 443
604 975
482 91
209 155
481 115
383 919
212 319
139 407
434 591
395 220
840 767
503 801
300 57
613 17
289 439
563 492
50 185
928 541
30 307
899 298
662 78
402 386
634 353
124 357
783 707
25 763
454 582
562 176
552 645
64 531
258 265
975 307
183 270
674 184
226 464
46 733
5 572
594 30
391 814
997 659
105 696
384 200
420 848
769 247
446 662
656 801
977 332
913 28
189 368
208 241
801 950
847 138
272 410
336 455
809 651
773 255
302 57
962 660
124 427
943 153
925 34
688 792
767 550
279 528
555 70
