419 260
185 592
682 922
774 867
551 797
153 358
782 164
104 531
679 465
798 798
870 348
910 478
614 184
85 202
173 298
54 856
93 93
728 421
203 175
558 210
809 572
943 880
987 370
885 682
303 794
681 592
570 769
515 53
469 388
437 245
679 252
42 312
110 61
265 6
205 847
295 2
330 833
885 571
714 116
679 297
999 572
412 908
736 459
698 615
12 300
559 284
25 899
588 187
279 10
47 653
746 883
515 326
718 920
900 49
232 324
94 456
742 951
149 676
381 352
368 612
685 914
824 611
249 563
244 620
847 978
480 513
584 462
657 418
995 803
479 456
361 764
713 818
903 228
106 441
458 865
954 79
37 265
632 68
905 420
264 336
606 794
280 946
519 494
534 264
812 600
910 391
65 385
213 599
142 163
316 948
784 129
30 513
93 2
991 449
182 960
817 420
537 33
652 640
262 873
213 778
663 819
146 78
329 283
829 659
498 612
47 618
463 971
216 194
928 41
613 185
411 897
343 988
706 93
748 538
820 431
889 188
803 173
97 763
879 303
841 822
809 415
280 722
5 164
673 320
270 526
750 330
771 801
583 121
527 621
110 351
215 73
66 95
352 897
723 982
294 487
364 69
309 600
970 345
994 237
655 859
636 116
721 695
313 650
846 24
853 533
312 134
276 845
426 14
650 521
535 985
70 990
755 814
401 871
286 399
797 454
461 529
426 856
768 682
147 607
540 338
282 223
373 847
18 888
809 85
313 664
155 337
937 188
948 777
959 176
962 161
857 534
369 886
838 1
129 690
240 640
532 437
705 405
610 378
494 994
737 835
72 849
991 884
326 514
9 268
24 581
7 242
185 317
97 422
480 772
144 760
722 601
359 865
174 671
342 846
500 461
106 843
382 376
772 231
404 149
842 849
646 300
540 336
883 580
728 210
442 885
940 280
418 78
262 14
953 564
917 856
185 306
54 330
330 333
61 382
673 139
82 430
872 890
296 967
442 624
201 729
349 360
521 106
727 921
837 77
959 95
29 481
553 661
55 944
561 685
984 756
75 361
502 601
149 869
316 704
928 599
639 642
322 413
890 30
381 423
275 80
466 326
575 344
396 73
541 531
649 541
361 725
153 846
696 494
294 217
478 835
70 924
968 437
521 44
110 336
936 314
143 550
174 932
96 188
555 428
967 31
282 832
294 673
304 42
375 921
980 158
520 621
851 935
165 700
684 947
362 627
947 712
63 646
893 166
642 286
542 699
817 288
661 864
509 91
96 743
426 178
77 985
636 640
219 574
248 604
913 49
464 297
97 755
981 814
613 843
898 202
313 682
843 705
923 292
229 520
677 940
722 336
240 36
549 66
388 498
777 672
23 539
997 793
817 164
893 803
978 613
787 448
587 259
267 497
15 752
758 513
59 512
270 77
669 718
603 266
391 425
501 338
190 758
762 240
782 619
718 633
953 536
3 8
185 995
545 236
602 859
401 485
984 573
555 352
850 374
723 877
344 577
64 366
932 996
316 932
83 788
716 536
922 736
229 771
117 647
157 144
733 87
672 774
644 619
965 770
193 974
676 379
177 216
298 424
365 659
290 905
167 420
381 43
802 658
157 821
527 734
217 109
705 885
710 135
552 487
740 462
827 105
494 384
262 812
605 837
49 572
776 729
117 445
973 940
103 798
819 345
236 576
849 870
554 530
368 784
708 311
233 993
379 661
834 115
19 365
95 232
192 502
852 841
354 590
475 133
263 284
930 120
101 532
880 927
368 602
233 243
849 104
419 217
801 841
717 147
226 16
701 74
455 604
901 899
382 137
405 279
809 448
59 576
525 735
178 975
783 483
319 311
134 557
646 348
727 99
881 664
353 424
183 723
267 916
558 611
65 365
513 433
899 917
262 910
980 336
908 838
