931 376
337 521
325 213
879 62
409 618
980 826
372 341
617 361
614 298
107 938
680 811
2 517
558 497
540 969
726 977
338 632
218 24
205 425
406 859
46 845
743 585
904 702
851 110
290 290
633 578
177 759
761 587
824 736
800 416
770 646
729 514
635 361
412 894
414 480
435 651
400 811
734 142
634 870
325 207
339 618
448 14
296 210
464 728
930 775
57 372
144 560
631 635
159 873
716 591
149 55
476 258
280 229
964 461
717 703
431 830
382 89
719 328
250 998
703 621
368 198
784 520
672 673
662 16
291 42
425 87
867 987
714 155
306 767
601 863
376 304
597 209
628 604
765 313
200 239
781 793
217 43
497 677
680 138
349 241
40 182
908 7
94 874
522 796
826 680
354 4
549 356
173 789
267 399
607 539
633 859
651 573
915 158
128 516
788 726
89 785
606 176
574 991
635 764
207 645
475 896
912 962
164 331
135 843
751 677
61 429
450 14
473 217
80 627
681 555
275 624
563 907
351 665
452 365
764 889
648 487
871 171
222 286
141 920
590 336
726 169
203 219
597 52
211 255
248 987
543 629
234 793
660 25
112 778
193 981
811 737
61 529
683 418
153 726
150 844
23 666
360 925
552 683
151 60
721 641
543 127
965 907
947 235
186 261
486 701
319 975
827 10
457 591
970 438
594 337
989 74
213 914
95 365
824 578
283 55
353 140
665 880
838 6
695 392
52 480
494 423
436 837
905 933
636 127
270 194
312 5
465 61
317 840
736 268
262 323
813 257
542 56
964 637
897 496
472 377
153 262
250 80
461 284
584 428
315 49
216 725
922 910
838 90
974 328
137 842
692 690
987 761
527 919
817 934
915 102
344 372
323 404
194 664
478 844
818 192
854 45
911 399
543 880
13 146
318 714
972 859
574 127
298 74
328 9
138 731
970 65
540 248
351 499
348 148
827 480
902 928
501 10
746 543
909 957
248 631
825 560
768 578
259 82
399 743
612 132
482 930
443 796
547 525
693 322
469 889
482 923
143 10
681 159
957 736
454 677
241 664
831 861
187 572
623 209
80 551
95 637
679 324
492 237
184 267
369 933
323 864
868 700
554 426
125 640
352 882
21 642
411 350
680 141
553 156
827 651
776 926
675 963
976 461
912 384
164 889
817 880
860 109
177 215
798 640
824 27
3 377
279 221
477 975
866 29
706 905
840 247
952 713
481 220
81 307
858 377
419 838
395 101
19 765
844 942
687 74
11 385
888 883
147 266
541 805
559 485
762 426
305 932
179 990
4 706
864 830
202 685
483 304
947 68
578 825
114 564
527 659
567 86
680 431
311 922
684 1
508 861
799 334
430 671
792 510
446 718
941 766
452 186
768 638
15 231
490 590
501 943
28 935
552 104
542 479
660 597
64 146
915 301
857 308
515 487
144 427
607 793
308 283
77 664
829 32
540 976
171 725
60 809
716 786
978 484
109 231
361 8
81 669
638 469
757 377
671 766
698 384
96 382
535 728
680 920
190 663
142 616
636 280
677 463
871 233
269 155
438 707
249 29
783 159
661 96
802 241
643 888
491 917
402 820
588 564
231 746
338 329
577 245
252 120
481 649
389 764
832 330
18 290
264 915
587 539
452 863
888 884
989 418
702 414
100 95
929 849
625 999
496 126
660 633
26 39
327 696
305 629
239 363
285 884
73 745
835 300
79 694
733 400
396 746
955 823
895 573
386 325
522 147
796 132
939 21
367 205
274 696
285 432
719 131
659 61
550 865
202 791
642 199
858 718
582 59
639 801
782 491
444 939
497 723
233 839
834 798
157 927
688 659
7 364
497 560
719 878
456 437
366 89
101 352
272 731
259 960
841 952
397 423
991 981
826 333
489 615
786 572
577 778
211 165
806 141
317 238
948 63
959 727
594 496
79 102
473 616
572 137
539 448
610 783
572 212
308 895
639 111
85 69
240 827
347 746
400 843
997 723
43 437
457 489
416 954
412 404
305 507
572 357
793 836
122 969
480 251
774 830
172 728
765 783
298 746
364 489
367 614
524 772
140 863
307 770
840 447
755 724
594 23
49 196
673 369
413 298
58 777
734 34
110 31
955 95
293 44
182 997
896 510
132 584
356 549
457 377
875 889
478 623
692 476
776 51
430 695
455 177
241 608
283 986
913 772
971 557
726 821
372 557
491 92
811 884
560 248
772 48
268 821
331 811
969 16
952 638
722 6
124 90
818 555
175 164
160 514
879 101
61 365
60 302
976 802
739 752
529 884
579 550
293 840
771 37
472 430
783 942
316 490
253 347
848 620
247 293
761 17
793 353
989 158
813 938
89 788
133 537
368 598
109 50
690 97
142 572
952 902
495 997
155 688
492 900
509 274
991 327
347 505
705 249
58 527
441 626
142 383
299 480
121 428
297 434
37 442
268 24
593 746
137 784
565 842
570 554
768 710
1 733
896 960
122 406
26 733
840 639
339 627
560 638
134 800
711 440
563 447
278 527
838 769
921 872
647 978
384 327
468 418
722 972
360 850
506 848
519 510
685 350
804 228
330 954
819 872
894 882
654 677
303 963
868 376
998 298
521 961
436 715
930 32
551 472
159 475
268 300
608 418
769 833
35 448
575 208
681 549
738 715
9 969
763 118
388 19
221 341
532 851
796 917
694 224
118 31
276 827
561 394
287 328
820 113
520 806
56 367
284 413
330 212
684 271
344 727
707 110
20 529
111 160
420 151
374 359
921 818
893 484
80 339
305 697
136 137
266 470
348 560
834 892
477 105
107 108
542 396
344 711
575 421
256 821
391 76
67 696
991 646
398 449
328 513
583 307
91 511
251 80
59 920
461 62
421 853
671 758
295 43
584 376
854 33
291 65
426 42
205 697
532 451
652 786
53 554
827 16
406 185
429 967
393 126
149 892
81 456
10 103
181 532
140 211
192 5
246 583
796 830
887 643
712 967
572 117
757 636
625 263
921 4
519 999
374 427
220 826
882 271
694 918
396 150
199 214
877 908
750 380
106 65
175 89
273 275
783 642
820 737
942 480
952 26
111 990
485 408
143 376
371 404
824 505
735 177
965 174
452 394
299 592
506 743
169 217
600 398
688 150
863 441
911 459
144 586
285 184
330 856
550 195
726 561
342 695
17 107
785 862
903 984
527 808
259 642
803 498
149 788
504 537
567 574
592 225
988 694
816 617
251 205
236 842
68 112
744 166
448 892
45 842
880 306
697 258
391 527
795 667
726 834
502 83
877 205
716 568
44 735
722 906
726 291
87 469
303 284
558 57
477 264
752 949
988 900
758 206
600 906
387 164
792 917
301 270
162 721
251 160
667 14
88 579
451 720
422 631
409 974
704 360
712 569
990 795
67 28
223 673
918 880
82 101
989 669
988 746
330 286
874 97
699 92
475 467
981 386
764 393
189 692
753 213
519 81
576 870
990 411
886 511
178 726
473 698
831 185
673 482
683 778
910 189
359 601
67 720
642 657
46 213
370 559
906 803
777 42
839 993
306 946
621 635
40 478
406 751
792 982
762 670
872 336
49 895
545 427
337 106
204 881
183 170
315 947
987 530
94 249
134 477
83 358
210 125
872 341
142 40
20 785
39 319
712 714
532 951
351 302
808 988
93 157
442 799
409 560
985 53
426 476
38 774
886 826
569 295
992 80
438 551
966 703
937 751
949 838
553 952
947 671
156 554
824 165
617 241
325 101
450 778
568 850
595 794
63 980
81 817
219 115
735 874
192 654
961 614
138 151
396 173
922 192
866 553
692 782
920 40
605 152
830 876
496 146
240 694
838 840
7 759
812 316
831 564
183 403
377 9
23 495
471 272
120 263
445 828
311 732
514 393
499 482
108 799
934 490
530 175
738 795
372 602
754 560
693 292
792 671
27 259
449 80
103 427
142 472
510 957
185 374
445 569
88 666
414 589
99 559
917 945
65 536
390 387
805 457
385 698
113 42
160 235
733 780
277 802
991 375
870 89
422 389
966 478
428 198
947 871
800 614
248 910
495 915
864 466
223 445
91 9
78 641
200 951
538 76
624 267
335 177
974 764
653 297
527 45
612 824
852 328
903 554
472 949
726 490
503 635
873 323
662 635
528 66
948 816
793 661
217 87
403 845
402 513
439 391
625 683
530 308
529 872
134 239
110 210
114 184
452 593
386 759
754 748
81 990
429 1000
539 47
536 945
788 868
92 9
189 454
326 507
