913 127
560 166
543 714
993 236
644 276
249 258
184 304
439 525
643 461
957 222
538 67
220 702
198 465
287 246
479 861
438 449
516 27
905 781
501 608
587 782
649 396
424 227
438 503
538 652
11 393
399 57
443 574
934 603
871 162
430 487
146 778
178 628
304 27
854 485
329 595
531 17
268 302
637 664
105 348
111 106
425 739
823 436
737 513
949 262
731 341
741 598
943 776
912 765
357 399
221 253
274 730
682 321
493 89
481 120
326 995
684 33
460 419
771 117
85 15
281 307
729 25
649 341
622 657
36 788
204 761
305 359
162 278
509 172
605 479
579 357
291 236
798 449
101 340
769 609
357 388
209 809
317 122
866 837
846 569
599 756
297 674
195 14
450 915
948 90
91 795
337 475
823 609
10 219
568 936
508 135
34 729
936 238
336 770
363 729
901 792
408 686
819 124
242 880
682 300
880 495
684 78
166 96
527 477
600 944
587 436
334 225
130 497
228 557
933 204
189 493
770 62
297 633
259 770
629 134
378 150
512 67
551 155
763 718
282 134
737 336
24 408
669 31
364 761
596 100
628 526
682 697
264 141
7 485
123 278
16 181
634 787
228 731
933 944
441 582
34 783
573 508
302 459
277 911
16 440
503 264
662 997
653 563
16 773
996 937
694 830
957 426
665 575
110 977
458 235
236 580
833 135
366 604
885 813
82 939
726 788
214 515
812 112
254 146
208 460
512 51
864 814
454 314
161 786
60 210
828 476
360 237
466 28
78 877
932 626
830 854
719 730
4 640
511 826
524 623
670 989
284 82
881 813
285 941
100 1000
817 550
960 742
486 122
367 622
56 918
674 869
366 946
34 577
953 903
395 415
341 679
388 588
379 158
847 687
210 84
316 583
395 940
837 196
518 653
799 693
745 363
144 146
738 243
964 309
757 846
62 743
666 180
55 757
91 849
994 684
902 862
138 157
580 418
355 704
626 687
278 488
696 884
395 445
387 681
382 999
65 538
776 652
838 93
514 662
243 296
496 569
215 737
462 519
570 236
501 914
342 927
457 624
45 972
745 532
3 396
467 698
4 652
758 357
799 647
488 540
389 460
797 840
192 566
761 490
816 389
169 744
847 141
127 631
177 895
63 415
907 708
121 982
537 255
2 694
217 529
954 1000
104 703
846 397
920 41
199 654
431 544
300 393
305 108
970 210
381 327
57 261
261 56
492 918
55 52
84 342
375 16
669 89
347 742
938 209
141 973
764 991
582 879
674 425
171 176
206 148
881 243
922 1
692 890
560 223
240 23
883 680
187 284
744 117
928 410
354 648
773 48
686 917
929 939
507 320
980 664
734 52
985 883
20 56
873 367
343 531
22 542
89 471
392 607
646 690
895 930
141 877
237 943
120 339
220 267
324 394
903 865
248 710
386 685
304 390
549 802
618 139
669 80
476 606
406 394
594 131
729 915
114 361
883 555
627 422
320 535
241 52
522 268
457 793
782 861
147 989
436 522
626 513
448 566
701 101
498 229
548 735
627 882
544 767
7 515
878 603
882 877
707 694
472 469
810 781
969 526
355 981
377 574
409 23
408 320
771 583
408 27
563 719
190 224
651 418
621 197
982 519
831 392
834 86
593 175
752 349
793 434
988 873
371 468
186 6
703 947
790 177
305 420
290 765
785 973
637 788
819 533
71 553
201 534
136 240
581 678
857 952
460 540
73 793
776 180
101 981
504 661
649 553
982 855
294 363
439 700
165 89
646 530
150 403
526 212
314 418
941 841
831 794
5 659
380 967
556 357
773 432
608 270
108 36
979 412
538 142
211 773
562 535
319 335
552 745
339 803
187 591
426 108
514 354
99 811
777 201
74 468
494 234
114 915
661 656
556 671
758 935
484 737
910 982
601 58
476 468
480 418
96 904
241 477
802 3
489 49
919 936
84 86
502 747
887 535
174 819
273 106
87 244
173 257
208 850
827 765
553 239
359 783
566 356
272 346
598 55
194 484
426 282
948 817
267 648
652 209
91 753
980 347
817 141
29 892
640 327
443 538
74 611
716 81
554 917
278 376
480 269
709 66
838 106
613 235
74 123
217 102
51 198
309 168
457 414
354 198
805 35
422 317
476 258
870 955
99 229
241 536
776 841
906 38
1000 517
726 25
107 284
417 187
712 694
27 936
639 8
511 953
80 983
884 172
943 994
977 792
342 220
356 891
44 82
523 125
221 754
404 35
152 738
670 160
881 921
797 235
28 871
876 310
736 734
310 972
889 301
495 501
940 367
129 561
122 825
569 457
967 196
926 206
938 158
158 161
874 1000
449 933
774 377
488 382
51 124
79 648
360 440
518 111
596 649
664 801
936 177
723 302
505 368
621 592
597 163
54 448
299 752
811 20
796 430
887 903
674 299
679 849
358 273
903 206
405 787
333 562
997 591
599 147
501 378
507 799
223 630
709 750
464 108
725 12
320 409
653 65
376 862
888 197
242 771
759 532
52 576
543 119
941 436
153 747
867 753
567 452
781 522
982 518
695 427
30 182
338 949
170 726
299 889
262 570
78 743
763 505
959 307
755 448
952 46
956 257
197 83
266 111
607 968
534 167
195 442
313 15
65 114
750 648
494 258
366 787
247 248
759 131
564 449
78 753
396 585
280 211
752 380
454 378
608 945
4 325
902 904
289 5
189 55
746 681
206 460
149 453
470 837
289 626
892 185
859 993
163 232
793 560
681 756
657 980
153 781
747 668
830 754
618 814
273 665
48 196
486 978
930 705
979 174
842 238
592 134
60 261
112 163
734 324
746 716
26 559
444 195
368 283
435 490
409 264
137 700
5 910
23 629
361 383
68 307
927 83
767 426
868 111
695 424
512 121
322 839
1000 711
105 23
533 595
394 998
624 103
129 963
378 350
370 772
385 474
3 418
741 818
941 81
845 970
569 754
424 824
959 682
911 202
701 979
160 413
236 476
462 18
253 369
202 48
688 459
714 137
702 482
811 48
852 233
92 481
21 599
289 941
833 517
301 343
163 134
493 785
65 661
172 771
813 26
446 851
598 121
956 129
494 481
943 115
570 502
847 953
16 888
788 938
370 886
652 462
563 908
574 553
881 724
703 300
171 670
356 104
521 68
485 784
134 85
48 69
409 52
257 336
821 375
922 86
935 374
770 791
17 678
921 32
291 628
458 149
969 838
996 555
183 926
672 790
630 636
169 27
232 626
253 951
117 659
72 913
485 132
118 795
452 18
649 624
897 687
6 366
194 739
116 516
758 522
144 298
143 609
737 438
342 26
559 896
488 100
831 310
90 496
968 246
604 437
24 753
929 686
207 78
381 747
377 505
867 635
827 796
595 535
725 744
182 974
938 552
946 913
245 583
399 822
917 592
372 275
934 612
771 616
630 705
542 411
477 259
496 27
610 7
837 165
475 90
715 387
818 517
933 632
367 411
442 676
329 962
738 124
269 122
540 413
283 268
605 520
533 75
366 425
660 539
972 445
456 325
158 871
125 601
433 944
231 962
131 301
858 366
149 179
706 464
136 787
666 499
273 315
741 977
338 346
617 252
179 515
487 839
228 258
685 707
388 273
401 610
165 595
598 630
936 281
780 955
648 943
745 955
260 515
990 818
362 433
351 13
134 358
584 642
978 85
141 647
484 607
658 666
766 876
226 505
386 244
99 699
949 164
548 934
487 915
532 509
278 457
845 670
389 348
158 139
558 961
855 511
428 442
147 759
734 738
945 854
894 896
863 427
107 516
745 492
555 664
707 17
404 627
824 900
272 669
528 784
436 730
196 441
634 229
972 716
552 994
236 626
445 544
462 562
66 778
682 965
705 450
486 103
720 79
290 207
693 817
973 667
667 414
53 538
326 1000
132 258
710 554
925 844
999 886
105 764
339 909
891 883
743 428
934 163
447 386
355 28
407 742
946 497
632 35
713 364
843 493
347 24
507 501
270 165
144 695
265 442
180 841
719 21
443 913
193 22
66 637
844 817
958 85
121 115
967 661
570 191
741 522
594 635
303 119
784 91
128 791
267 209
956 795
256 794
594 570
976 222
480 569
180 792
452 813
815 5
117 838
203 81
174 580
614 792
157 87
305 720
110 105
657 501
659 341
508 352
788 41
968 326
89 795
895 496
