172 705
677 90
917 413
300 857
4 495
821 515
340 479
603 619
565 122
304 356
13 448
358 607
904 241
985 553
294 456
498 421
873 209
996 826
313 364
680 359
61 425
743 386
751 994
38 750
382 37
827 893
468 557
76 792
385 472
308 709
448 278
577 94
262 232
22 699
321 502
950 995
349 650
779 613
845 409
328 914
89 85
875 217
762 782
81 562
469 660
352 94
780 244
92 364
499 750
517 567
25 588
771 296
54 360
91 568
163 632
824 70
493 350
192 762
523 101
654 707
358 473
254 322
351 989
695 118
584 568
889 815
99 318
121 854
289 715
615 338
116 300
277 140
918 108
886 542
20 183
499 591
23 850
252 974
49 857
812 25
467 325
547 50
489 920
979 855
310 249
164 454
285 704
917 36
728 9
752 72
96 560
377 336
471 967
544 477
444 23
89 563
241 199
243 937
584 964
436 477
788 513
681 87
305 932
634 664
238 655
519 99
974 976
538 504
437 478
951 265
3 429
389 21
712 19
619 37
798 129
275 830
437 297
22 698
915 829
44 330
292 426
277 592
543 891
129 342
161 976
95 40
387 746
693 942
183 595
591 376
48 69
121 668
482 845
401 252
51 966
406 473
454 379
793 104
875 399
141 928
321 824
668 389
15 449
493 451
406 56
479 277
380 133
297 158
211 883
710 861
968 938
145 374
252 385
401 745
947 785
725 391
317 60
736 331
531 385
309 627
433 352
857 35
290 593
635 973
194 290
93 358
212 360
823 208
211 538
935 214
613 165
997 139
361 154
