689 196
826 117
80 77
826 421
209 297
304 878
152 269
208 567
553 227
24 565
392 742
70 333
916 146
246 908
969 936
887 701
819 489
103 198
492 120
186 614
869 260
44 866
228 921
672 398
258 651
12 517
510 662
879 365
427 62
36 901
220 485
789 548
645 999
91 996
267 438
425 25
872 137
123 482
363 585
528 814
360 599
439 399
475 210
668 981
914 598
271 496
730 371
296 151
643 969
147 331
848 99
124 411
140 634
141 543
875 138
913 565
504 103
988 932
75 216
483 247
279 246
773 322
358 737
377 496
936 27
114 125
23 376
392 583
365 564
860 612
168 140
145 115
607 223
879 107
508 343
747 473
855 363
526 249
840 198
580 765
762 848
834 287
964 114
234 469
140 525
591 671
312 808
70 221
833 783
275 822
280 651
305 620
106 820
126 988
637 117
93 376
793 270
943 25
303 553
564 880
4 300
598 504
137 852
804 946
105 555
423 167
262 982
790 996
348 780
395 922
840 137
758 420
78 811
72 868
271 444
183 469
231 31
391 977
924 448
470 276
68 499
138 568
62 530
533 152
851 989
621 464
514 437
474 183
281 392
5 959
236 159
692 374
5 61
455 276
607 309
481 870
444 517
96 42
866 114
533 855
318 768
854 239
844 463
170 576
600 400
168 91
771 228
409 733
37 289
615 834
840 424
452 636
784 9
915 254
906 819
202 724
478 690
827 410
139 37
251 573
444 193
336 332
775 219
368 993
811 441
523 40
909 127
423 737
474 968
137 973
943 577
299 199
216 367
406 44
4 980
542 112
591 77
687 545
486 551
765 922
97 979
251 752
555 18
602 566
109 886
150 156
202 993
152 226
920 885
900 528
2 645
448 528
626 825
236 439
324 47
747 33
267 328
658 600
552 608
780 408
315 53
745 57
297 670
631 42
83 313
60 566
946 881
403 184
818 544
515 34
103 706
519 462
377 830
418 689
746 473
830 849
287 412
774 161
518 138
607 487
547 270
184 871
949 729
128 69
217 618
738 874
779 904
383 966
277 216
973 231
392 984
666 447
481 579
435 1
623 581
906 24
543 483
316 904
316 478
639 2
495 169
787 540
600 31
308 141
663 537
930 408
90 378
627 269
413 539
991 425
965 582
33 441
285 781
451 669
521 174
307 385
841 848
341 865
112 95
898 146
94 791
408 481
880 653
641 18
736 692
838 688
135 185
33 559
931 87
2 787
844 972
226 82
960 698
792 294
114 197
183 114
852 769
282 469
540 36
339 206
28 575
152 382
199 80
954 868
770 169
940 968
779 174
244 27
71 188
130 88
506 970
701 881
32 631
487 531
813 134
44 162
689 238
420 757
960 568
312 123
397 318
736 443
692 45
846 645
246 911
201 786
163 857
325 751
837 377
961 708
823 624
331 659
630 470
369 835
677 921
402 363
625 368
668 138
659 68
439 660
576 91
782 646
94 485
190 839
23 182
237 158
94 746
339 638
894 291
375 327
132 682
50 744
726 721
698 873
788 239
467 802
573 133
38 154
627 142
191 193
743 884
10 271
944 575
451 671
500 509
814 239
379 451
177 584
267 682
265 867
826 840
212 707
541 801
655 895
862 638
246 536
89 378
993 605
325 857
224 163
401 567
768 736
694 332
774 42
744 753
199 88
415 633
157 643
590 40
134 179
124 862
369 646
979 448
566 98
398 396
753 511
461 708
466 46
362 950
83 683
161 803
759 40
808 711
265 606
35 646
545 505
375 497
965 825
550 529
613 992
71 816
780 37
858 821
868 359
315 723
44 255
746 763
127 248
35 751
465 99
391 776
804 686
528 108
301 589
89 986
738 696
822 379
157 965
608 528
704 45
463 673
771 614
571 430
751 394
479 761
884 353
749 477
306 244
573 646
474 424
939 708
537 826
339 779
350 206
810 57
798 379
557 3
448 664
985 985
310 675
512 52
426 960
552 35
198 383
363 895
994 430
19 457
46 38
25 871
191 906
446 458
88 768
537 221
587 840
246 616
97 159
731 403
414 937
914 222
129 244
957 163
587 935
15 492
805 485
791 196
917 719
829 777
579 559
756 459
105 200
871 175
302 437
442 247
204 299
387 104
610 154
846 721
891 444
250 137
568 188
815 719
306 493
212 909
597 573
279 784
411 764
243 704
444 198
812 222
807 750
477 375
963 502
705 945
410 360
992 801
292 869
161 563
736 598
908 696
414 216
734 201
111 103
507 381
102 634
119 337
131 225
998 827
867 965
49 206
607 708
223 117
444 4
870 283
844 154
61 532
475 107
671 463
875 155
59 284
354 50
675 300
431 699
986 229
954 647
579 775
58 665
685 464
633 870
767 778
475 486
214 204
575 925
169 889
775 130
298 384
774 247
640 577
529 219
142 546
898 353
470 570
304 184
789 103
607 740
292 213
323 450
478 411
69 867
570 134
508 64
54 758
753 63
435 159
507 249
115 318
112 192
400 817
350 65
694 631
547 653
735 413
821 749
187 823
110 907
115 661
946 696
963 721
97 667
28 804
266 904
134 277
436 349
373 193
696 551
472 963
549 614
265 978
7 992
88 171
715 667
463 621
433 217
100 868
383 680
310 535
604 126
664 803
963 133
849 31
785 887
865 273
398 121
819 647
432 59
392 483
497 320
40 193
111 264
60 581
546 623
754 109
280 406
12 812
380 996
771 195
691 909
509 699
540 24
973 365
323 626
496 815
754 341
17 452
687 781
796 951
647 155
864 921
870 302
341 861
312 529
385 703
67 659
657 625
712 49
601 65
929 348
495 378
684 21
523 267
384 706
977 645
825 253
865 746
95 917
980 474
781 882
344 743
676 218
341 871
317 638
379 431
622 880
765 286
366 679
963 933
899 134
664 812
761 25
376 90
644 597
622 501
996 237
369 941
782 916
425 203
406 206
167 183
514 743
557 364
689 826
338 946
488 788
155 252
157 46
505 431
805 71
685 302
654 312
438 238
649 852
401 676
475 893
407 445
79 969
839 913
306 177
766 72
244 257
490 922
892 491
182 186
752 894
521 293
983 28
103 290
596 111
864 785
314 960
645 966
669 784
932 192
762 17
863 744
406 859
677 734
497 651
321 387
234 243
454 64
266 498
