615 510
267 114
33 808
782 537
405 621
45 210
626 720
868 992
405 804
157 287
504 38
935 626
407 526
5 540
821 168
760 697
470 196
390 136
947 798
19 56
771 34
611 869
461 752
31 741
865 315
733 960
515 694
71 724
629 899
77 824
396 473
486 950
2 842
705 802
312 587
157 688
69 831
21 176
508 875
544 558
554 797
883 732
659 955
436 675
607 291
399 257
987 868
776 129
510 900
67 758
756 324
494 477
528 719
230 551
967 274
927 746
769 187
36 395
869 185
45 868
22 986
151 274
703 635
133 433
211 905
897 952
822 236
318 606
442 813
437 505
753 691
652 228
670 887
166 109
25 68
858 593
173 929
226 587
299 90
869 934
793 861
515 348
356 710
533 600
424 165
276 461
631 9
400 914
467 831
932 297
130 686
183 656
964 201
446 917
248 862
594 781
480 810
8 781
326 816
578 355
236 883
552 688
283 395
254 140
416 584
318 690
122 252
462 652
969 112
592 728
396 492
223 821
82 62
512 811
844 433
27 893
448 831
62 285
267 53
208 322
283 521
29 725
453 496
712 805
49 218
59 128
455 750
6 451
973 692
79 102
15 838
753 480
743 378
468 858
627 937
504 490
996 499
665 134
288 324
441 53
319 424
51 978
405 954
64 22
456 84
985 244
226 270
668 264
547 934
718 401
978 344
827 512
636 36
140 324
815 513
223 778
497 595
21 911
908 133
650 234
417 493
888 763
510 10
514 468
176 691
937 109
451 821
189 67
332 317
532 158
561 218
437 180
734 735
838 964
840 848
532 205
586 199
624 261
969 739
472 944
553 753
184 138
372 519
263 586
773 203
471 51
287 13
814 70
569 880
52 46
400 149
742 556
122 903
5 349
655 699
799 546
313 408
629 560
349 310
630 747
306 631
12 307
577 257
627 983
25 280
49 930
9 130
317 288
787 99
208 279
917 884
524 269
643 510
565 995
603 234
867 28
819 450
372 634
149 647
251 102
179 550
190 149
477 488
346 793
952 739
418 838
701 238
350 366
805 467
141 618
989 639
255 363
93 502
786 182
465 622
268 611
27 575
650 151
278 773
530 608
193 796
349 705
779 808
881 692
269 651
365 970
333 813
408 293
457 129
30 583
844 342
358 260
953 30
520 664
358 245
955 516
688 289
410 373
110 181
847 974
64 995
808 101
730 12
149 198
16 810
442 148
768 186
774 983
734 199
761 613
632 875
22 786
480 665
665 818
578 628
957 394
211 740
87 321
163 562
36 670
771 170
880 900
492 998
293 7
2 159
613 891
54 918
308 318
820 789
309 290
498 58
600 684
942 338
168 756
269 48
791 898
956 718
57 715
480 907
894 896
78 534
751 608
351 31
713 725
274 705
144 665
37 358
179 186
461 83
187 282
930 824
304 567
665 282
113 121
378 748
148 698
329 583
20 712
881 679
274 607
722 708
680 732
206 382
464 724
769 251
410 123
749 220
433 502
248 72
631 764
437 142
751 377
774 888
733 756
55 77
690 643
568 663
367 58
110 222
628 639
112 405
529 769
755 638
916 902
347 122
878 218
665 464
50 483
836 986
827 97
885 968
466 682
75 20
445 613
247 167
323 302
218 431
182 162
378 141
849 368
919 82
998 650
445 684
688 7
36 409
972 834
208 548
959 619
692 371
172 433
147 744
777 533
209 775
492 996
938 72
14 309
170 612
11 33
204 332
934 86
643 500
658 501
830 354
812 528
406 812
402 170
518 458
920 718
904 700
288 290
313 483
431 478
272 987
361 741
634 105
946 592
918 384
399 261
196 945
406 266
903 239
681 953
419 135
176 293
384 597
641 971
860 497
234 528
912 791
5 646
173 265
411 799
218 428
606 522
391 85
973 372
163 327
579 884
141 817
129 100
710 926
313 957
604 830
266 897
521 19
421 877
521 904
265 872
903 963
474 1000
523 706
199 238
767 472
193 948
563 165
80 569
316 276
642 194
641 768
742 287
899 186
817 50
262 804
108 860
745 587
237 895
173 371
822 872
247 699
921 976
591 221
952 455
691 136
128 802
971 704
82 509
344 467
824 368
97 513
645 316
735 376
647 111
77 788
775 665
375 838
400 147
726 521
199 690
238 435
544 470
863 417
299 876
49 772
63 670
4 472
899 142
963 982
205 524
764 403
173 26
963 928
312 92
659 273
575 813
499 418
968 902
639 285
195 353
248 456
57 336
916 951
452 314
313 151
477 614
371 46
628 960
205 615
550 167
653 351
729 979
106 476
534 842
429 166
821 385
10 422
603 51
599 133
609 638
706 573
227 894
856 961
10 774
235 179
839 778
54 10
829 193
953 59
608 167
41 470
615 907
943 591
438 591
143 295
401 117
691 29
469 863
531 754
244 59
457 922
790 794
192 570
423 39
256 914
958 422
245 330
97 73
730 153
475 539
683 715
380 386
358 534
284 73
600 463
696 711
671 121
748 972
375 713
293 44
346 575
197 264
914 37
105 214
14 704
816 831
589 382
796 312
954 626
535 52
283 426
883 294
221 453
158 78
761 283
721 324
862 178
698 179
235 27
669 235
858 18
984 362
151 971
567 209
276 871
12 111
754 477
369 399
754 955
113 280
689 484
243 684
166 454
538 317
831 62
227 614
643 381
633 354
953 161
12 393
281 922
908 819
972 58
782 818
549 535
577 902
983 266
578 196
187 468
413 367
251 586
460 588
559 236
830 410
335 550
712 374
295 253
342 660
931 846
19 887
184 232
142 921
960 115
836 118
529 194
260 898
476 983
838 813
