800 658
275 171
162 286
587 935
861 601
381 269
70 139
188 402
406 577
891 90
16 608
817 279
566 526
265 535
593 938
437 168
739 214
677 146
162 979
46 143
7 772
407 285
365 544
742 572
73 162
482 996
388 30
31 597
827 111
906 584
742 560
503 342
855 274
213 260
661 119
53 225
534 926
778 801
951 168
583 165
616 185
505 217
709 243
845 6
805 815
854 62
354 357
914 352
298 890
627 312
90 625
162 550
499 871
330 641
739 340
783 507
311 137
629 13
660 20
80 284
524 285
839 693
657 61
94 731
255 617
154 209
363 330
235 879
329 366
534 384
493 131
793 782
673 378
791 934
372 40
788 343
41 877
662 603
276 200
754 395
111 215
99 162
229 562
986 923
605 368
995 207
609 413
262 374
938 880
198 276
403 33
752 444
282 474
503 323
501 302
686 95
208 676
319 294
727 617
353 650
617 21
307 137
590 74
167 724
846 327
615 603
942 963
752 394
339 189
778 341
881 469
828 913
596 804
814 798
946 997
255 522
948 989
913 328
809 937
74 266
953 566
216 946
469 158
712 395
99 420
760 889
439 854
759 419
73 893
302 498
596 428
50 279
425 206
158 731
508 302
94 572
168 156
143 655
585 999
703 707
749 813
995 768
423 155
36 658
490 139
231 162
303 872
457 224
434 346
615 177
205 576
739 343
155 31
698 862
552 372
561 179
131 805
463 823
97 908
179 977
602 503
399 875
715 36
448 367
788 471
564 935
126 601
444 27
951 252
460 603
422 228
918 184
799 236
463 758
63 974
2 259
755 938
75 290
653 374
404 514
679 19
352 964
964 200
351 492
699 263
840 333
765 149
666 294
534 780
997 633
549 359
403 881
646 673
122 814
705 477
157 111
185 52
261 542
630 629
426 547
315 432
21 714
92 166
825 814
470 193
251 44
71 537
780 212
342 14
245 914
589 93
213 258
139 457
466 675
96 294
14 95
932 254
669 329
628 833
230 972
365 473
873 525
897 691
477 16
219 50
731 987
700 809
432 711
371 395
417 967
715 306
446 543
691 310
721 188
779 735
579 79
605 51
926 153
741 10
218 583
163 39
340 799
863 881
5 509
33 596
182 321
27 835
424 794
219 676
971 131
525 990
975 555
572 770
690 210
854 504
431 735
855 478
558 544
287 543
507 742
738 916
483 133
690 964
643 626
885 940
723 523
507 507
599 192
682 35
612 63
325 61
991 568
553 157
880 952
232 395
537 110
36 205
616 392
872 104
278 699
747 421
599 5
383 160
503 514
140 342
569 937
72 993
478 71
333 76
364 941
686 132
847 71
750 973
665 694
481 307
389 288
305 275
304 969
932 374
438 447
434 30
866 996
535 985
183 125
272 273
821 715
643 510
12 990
750 314
744 228
711 795
950 536
670 492
810 619
908 903
156 725
711 999
407 924
217 133
733 491
227 518
334 59
263 312
253 215
313 459
552 205
966 419
944 457
280 956
189 107
506 970
765 265
717 763
331 866
376 642
713 550
905 218
590 958
95 716
603 502
886 407
371 19
795 201
407 812
989 152
38 929
449 764
845 274
610 389
592 201
933 129
222 569
73 264
132 745
454 912
683 195
492 25
452 824
356 755
426 831
807 881
438 696
373 877
368 119
277 738
404 358
661 56
706 503
433 436
130 745
632 75
843 223
61 264
884 515
552 563
574 213
875 640
593 822
205 882
675 587
19 538
429 318
720 478
979 553
30 439
402 587
398 483
884 609
923 152
144 116
190 14
28 389
100 61
408 704
578 808
891 383
639 971
369 764
426 264
639 619
643 326
414 274
610 409
661 162
924 763
975 780
846 167
36 619
827 211
100 899
265 369
774 194
57 757
176 29
444 907
363 654
119 496
942 834
859 688
914 461
289 108
280 197
419 223
137 725
977 74
237 168
533 125
605 812
135 72
611 328
844 842
161 87
30 320
893 110
889 644
549 307
958 667
423 578
6 99
322 749
317 604
880 167
475 881
50 125
508 419
184 631
694 468
82 260
530 485
441 674
371 352
881 831
481 413
424 120
718 637
992 86
303 592
831 631
216 245
764 263
763 329
479 695
678 998
722 804
173 32
832 44
906 830
817 644
192 867
304 25
385 52
771 154
615 347
494 234
569 103
630 581
147 156
384 666
297 616
345 297
925 732
935 146
167 360
82 125
346 502
434 155
579 462
23 550
480 658
694 521
284 14
555 987
218 982
817 798
143 377
888 364
398 347
780 150
837 974
605 488
952 259
371 845
855 665
164 680
238 394
91 723
870 454
473 130
602 209
146 205
420 740
780 416
111 936
25 982
459 701
613 876
390 141
300 375
854 132
739 905
755 843
772 456
879 397
388 111
258 529
89 164
69 509
34 450
185 484
564 832
365 614
169 675
274 854
451 810
485 59
421 915
986 138
703 162
11 462
265 153
533 348
582 355
593 971
901 235
498 315
393 255
305 218
125 426
271 195
224 246
862 120
952 907
582 894
274 269
744 523
60 620
116 751
386 140
543 226
390 650
46 414
415 541
545 635
121 977
318 717
600 112
870 616
483 328
611 427
91 285
864 539
269 920
936 310
794 792
764 769
27 51
644 847
110 703
430 21
574 610
65 2
580 883
517 588
385 15
619 950
732 99
492 536
746 311
23 703
466 873
349 685
919 720
497 181
305 499
412 615
48 464
538 817
982 866
978 191
144 232
14 975
115 346
138 567
982 72
818 200
877 583
617 657
153 871
326 878
306 866
112 489
905 143
535 537
624 209
431 462
931 522
53 625
972 986
192 209
887 408
656 432
823 576
149 231
622 743
688 502
139 196
747 115
665 112
444 466
247 560
519 845
414 630
589 665
264 116
701 443
614 243
70 996
433 464
145 619
81 830
186 28
905 441
829 706
77 432
997 897
440 96
775 921
63 126
785 689
586 843
19 828
588 154
125 786
863 246
297 903
846 186
510 34
73 876
313 208
259 478
809 221
22 573
565 383
858 946
24 413
964 601
405 344
964 871
143 507
753 157
449 223
290 180
906 978
923 618
200 622
585 877
858 418
856 307
176 292
923 95
261 566
951 675
590 371
893 455
470 542
31 628
994 574
645 768
46 324
75 965
546 887
839 552
931 992
613 998
463 84
334 130
498 669
382 388
809 302
919 212
356 817
326 98
656 252
869 296
960 633
275 469
623 205
725 155
543 384
689 338
119 47
108 711
385 369
659 249
216 982
918 672
229 626
916 422
660 321
205 852
831 995
867 19
116 826
744 749
211 480
723 262
28 166
388 976
448 80
67 167
880 737
270 524
504 358
363 816
617 989
968 976
229 504
719 993
78 419
632 352
555 291
728 941
83 111
354 476
141 510
673 53
627 32
486 543
626 379
694 212
528 58
793 718
799 254
198 489
418 951
111 80
598 458
356 24
193 168
560 337
115 78
938 230
558 119
329 565
146 808
709 553
762 976
204 649
33 409
487 631
824 412
218 125
289 321
883 506
895 976
147 352
274 37
917 199
486 807
286 816
139 120
840 472
384 868
682 428
973 729
378 621
977 753
413 571
120 128
505 337
512 234
655 905
747 10
728 33
953 201
844 377
544 101
295 992
938 432
754 886
722 424
