805 978
744 336
403 54
638 963
754 635
936 169
203 856
71 312
313 937
306 890
969 616
981 848
98 774
709 632
818 425
236 672
443 43
873 94
682 954
444 710
958 391
626 578
592 738
510 362
394 332
93 347
207 900
798 788
318 507
134 182
560 844
237 595
461 54
188 95
88 237
606 11
707 791
108 651
504 489
504 717
496 253
195 441
903 701
271 787
305 622
889 634
777 737
823 539
766 405
383 337
822 616
237 258
811 907
914 814
307 750
699 67
587 991
530 290
589 4
931 45
848 334
616 465
411 787
688 761
204 869
882 642
829 44
311 216
724 730
573 634
583 436
841 762
242 871
305 392
710 633
443 795
242 219
822 367
896 307
568 209
916 276
696 627
823 577
722 101
639 215
238 254
526 448
167 98
266 101
752 1
259 890
830 557
465 996
652 86
963 63
343 234
912 113
292 473
937 318
483 697
559 135
505 790
441 463
625 556
436 278
321 386
319 199
654 348
899 974
867 458
341 812
280 269
539 751
577 589
659 784
660 411
657 565
190 898
616 389
286 175
242 311
231 44
514 915
920 985
159 542
492 106
368 319
505 558
964 747
270 285
410 586
915 939
190 273
444 887
436 806
752 189
144 825
557 100
832 615
441 94
617 891
474 859
141 646
886 40
591 359
571 876
410 272
376 371
695 931
184 249
598 30
614 554
28 112
407 39
32 746
497 193
577 796
593 528
685 204
613 349
28 609
91 630
185 744
805 855
323 958
422 869
871 550
320 389
974 98
130 774
10 429
652 557
389 615
346 713
937 590
291 628
620 33
739 272
519 714
605 851
886 177
714 116
548 462
121 263
655 267
830 591
83 619
458 888
622 405
75 510
927 434
876 381
934 577
998 72
366 595
388 687
256 637
894 646
614 742
826 244
660 355
951 32
552 900
850 246
663 106
366 13
596 462
22 888
515 650
753 44
750 733
182 323
732 727
123 918
723 404
405 853
489 784
35 377
694 680
494 346
360 43
914 714
477 964
948 968
563 950
777 784
676 583
293 453
737 743
452 119
804 166
120 810
347 766
986 903
207 659
95 467
488 974
95 144
647 814
593 92
181 634
508 26
897 252
714 209
154 941
300 247
726 835
378 322
58 114
616 192
137 752
697 182
958 540
829 174
372 160
120 872
331 681
177 627
182 168
484 94
562 677
437 837
333 653
553 562
719 551
968 655
209 726
381 574
266 683
717 766
47 556
740 376
38 137
79 412
203 175
960 818
754 508
401 937
815 392
442 497
528 544
918 434
433 894
740 739
945 492
683 904
326 205
357 895
826 205
171 478
541 639
105 69
677 687
15 999
634 686
67 733
953 116
76 593
713 206
559 793
718 163
70 756
710 649
10 953
431 352
636 158
187 814
111 343
266 223
649 147
264 908
816 9
377 474
79 387
674 51
969 327
612 907
688 930
702 712
864 909
626 858
198 497
44 447
635 416
396 689
83 960
455 9
199 791
750 874
571 926
701 640
794 525
197 849
499 414
119 433
688 426
376 545
464 779
904 69
610 964
537 91
375 574
360 209
238 119
991 616
985 940
173 657
436 406
595 13
376 268
474 236
153 60
201 508
639 705
294 274
488 105
884 372
755 652
668 171
15 309
877 499
382 374
522 146
376 267
963 940
971 557
367 457
957 585
592 123
654 864
746 432
895 896
213 22
548 19
213 153
55 503
958 915
1 809
880 843
223 208
968 691
409 237
803 651
877 180
518 579
335 567
560 616
51 143
366 13
885 56
354 960
530 789
696 651
978 225
250 115
488 18
540 224
451 506
990 180
534 91
115 162
395 588
687 641
26 903
464 651
82 149
877 656
735 714
282 779
908 946
143 717
520 928
227 481
487 906
762 288
271 599
956 772
551 248
318 778
902 312
328 332
270 171
447 43
602 511
425 539
170 740
95 485
634 462
637 200
6 674
397 819
812 463
76 884
151 236
854 711
383 861
535 682
909 604
383 492
697 496
933 192
980 871
644 194
857 470
100 677
163 116
794 891
837 937
688 91
605 347
845 79
188 25
17 363
465 515
206 673
503 180
174 991
436 765
557 811
248 483
597 256
525 391
208 138
554 325
417 716
268 654
648 488
73 282
514 296
643 784
703 587
174 249
788 971
656 162
483 188
526 298
456 30
572 445
354 489
753 14
299 824
145 156
777 828
82 774
490 62
999 47
418 812
273 538
349 502
354 369
976 580
518 928
47 570
354 498
388 756
390 965
218 56
811 340
735 575
373 846
462 892
564 164
145 961
128 820
699 375
257 235
255 391
727 540
509 301
642 584
938 396
325 503
220 440
865 566
187 124
231 446
415 909
744 671
920 968
345 192
566 714
82 983
39 344
886 297
127 623
909 167
966 703
708 58
124 297
474 931
48 986
757 202
96 198
323 9
284 100
461 689
471 242
468 80
427 141
536 469
484 427
784 296
754 883
603 176
340 991
832 370
592 49
453 417
816 869
499 224
244 160
440 6
380 29
90 885
842 578
476 693
35 401
324 347
594 632
284 894
786 229
848 315
837 826
226 82
489 508
510 453
317 212
136 664
555 477
406 722
431 589
664 755
386 983
828 327
966 584
158 411
378 437
553 801
80 924
496 181
46 697
309 887
124 483
991 579
45 325
825 776
351 155
339 629
383 685
840 106
899 225
434 366
464 538
784 537
574 319
153 889
620 261
773 862
877 277
488 47
710 44
762 530
881 210
207 753
200 99
847 621
996 665
683 791
672 41
16 55
686 854
75 918
482 116
279 717
479 361
463 855
195 168
271 813
880 552
214 430
112 448
483 4
58 522
974 459
853 474
114 54
947 938
679 421
703 11
200 876
957 163
890 551
545 304
689 438
514 681
180 700
255 755
764 459
260 571
673 346
171 144
83 66
997 991
264 518
756 283
348 96
364 958
589 481
451 495
218 910
755 593
33 63
717 101
810 53
791 440
307 846
34 52
335 532
104 584
646 835
834 404
197 176
122 589
164 344
51 737
936 357
874 485
58 263
776 32
748 984
416 857
493 320
371 973
879 218
40 279
652 992
595 652
114 338
573 587
84 52
440 406
219 448
552 13
400 284
483 357
969 132
940 335
955 831
203 528
181 258
248 494
468 92
235 735
602 305
359 327
718 859
346 143
655 705
945 450
154 311
60 954
312 703
324 574
570 578
6 608
709 113
856 592
775 827
544 498
201 522
278 502
921 212
641 249
372 28
256 804
70 121
545 641
894 227
146 232
262 925
896 213
97 355
368 229
52 854
434 623
214 776
709 888
799 205
104 280
930 556
137 727
489 578
976 715
864 573
805 627
929 404
136 199
87 664
381 840
484 211
766 113
583 607
296 175
599 256
552 616
748 648
453 896
568 336
726 33
120 988
972 39
685 505
486 714
586 321
985 615
628 773
9 380
632 541
518 267
814 986
253 621
749 34
3 947
672 153
525 449
289 852
691 891
426 381
623 743
374 959
817 433
143 977
589 532
268 908
308 592
280 390
683 596
895 81
116 952
113 661
243 437
432 121
148 147
322 257
474 425
443 606
715 494
166 845
6 561
502 590
269 167
684 774
270 890
244 843
7 637
691 969
764 638
346 587
678 69
123 413
730 923
274 856
657 283
949 513
563 59
776 191
