313 907
64 58
374 699
504 789
771 825
955 220
270 960
257 944
22 641
258 455
632 461
392 338
310 292
648 529
747 6
161 26
120 898
808 158
353 294
35 783
822 754
412 829
479 151
857 593
62 446
134 775
910 147
386 592
467 168
435 440
482 485
143 429
114 371
279 287
147 796
574 605
133 808
669 597
805 826
987 49
737 954
638 89
494 421
864 640
28 422
893 503
278 80
561 958
807 363
413 413
644 651
363 157
830 816
874 832
776 398
631 946
140 481
518 970
8 599
583 800
28 25
320 148
567 977
656 171
727 43
935 116
775 218
815 728
398 856
587 424
126 612
37 953
286 91
284 144
1000 805
811 696
26 460
922 803
639 807
63 794
537 79
287 537
493 511
117 49
832 42
61 165
681 792
13 832
393 461
400 211
493 868
145 867
789 477
47 92
64 51
779 368
627 346
831 783
42 707
862 696
765 955
738 598
284 53
434 318
741 517
630 288
454 81
318 613
866 517
566 224
990 632
73 663
74 416
745 115
434 733
971 796
998 987
464 722
318 245
562 644
319 166
824 286
382 673
599 903
922 555
637 891
137 188
502 746
219 698
379 500
227 68
156 985
672 414
505 283
116 106
380 345
858 983
706 26
274 219
301 799
141 223
381 642
130 572
956 362
134 974
61 645
13 698
123 741
656 171
229 654
467 964
296 270
784 603
571 276
362 371
470 606
223 385
864 67
735 377
191 112
695 931
582 683
305 593
32 156
41 350
374 298
64 739
296 946
394 944
910 584
971 91
459 692
574 397
806 967
30 386
827 566
244 590
214 229
86 247
209 777
684 158
508 180
120 992
975 310
873 738
416 476
629 148
575 483
1000 1
183 758
284 874
46 190
409 729
253 616
789 262
71 998
644 705
564 165
218 871
305 753
731 478
627 258
411 38
243 777
368 113
165 942
100 509
101 255
241 630
432 127
973 651
710 300
189 776
86 504
476 162
95 761
105 330
369 226
229 241
226 465
944 741
648 810
812 569
882 220
546 151
899 250
469 352
138 514
79 645
384 97
673 257
170 743
944 810
103 587
549 225
697 393
352 58
97 811
193 393
816 935
619 144
238 61
560 900
711 437
154 637
134 393
986 579
679 800
219 62
377 800
264 841
124 504
120 900
988 267
219 663
668 181
598 334
551 973
507 166
762 502
41 45
860 511
910 25
313 25
531 209
252 407
289 269
143 919
436 301
40 425
799 720
376 267
313 44
689 412
628 308
107 735
656 394
255 112
730 450
555 14
627 993
282 508
611 964
596 613
875 958
122 384
678 237
216 770
544 115
161 734
802 347
697 327
562 498
60 623
235 882
87 722
647 126
785 462
775 922
639 602
296 423
528 827
651 340
259 845
26 254
699 740
797 429
661 764
707 225
628 920
585 978
808 860
319 605
141 180
