711 265
941 779
265 796
845 680
676 606
486 804
67 120
318 191
604 790
757 175
81 969
204 60
663 837
430 593
649 995
914 976
656 377
925 386
386 272
355 980
969 877
176 573
815 13
702 104
670 921
580 924
511 534
752 506
473 562
252 354
808 45
90 529
86 988
727 16
455 518
903 596
676 152
463 474
417 787
514 127
403 271
147 820
74 108
64 251
852 418
900 209
1 938
633 930
463 21
937 236
908 574
489 950
332 919
588 142
241 710
52 785
471 600
923 645
540 129
162 7
36 22
262 132
467 256
26 592
1000 318
980 30
796 215
455 766
300 785
655 481
871 110
864 893
703 810
932 273
491 77
825 612
214 260
444 815
129 135
479 745
720 480
906 537
698 93
598 184
583 489
481 238
315 773
930 322
350 928
795 893
322 461
421 808
891 947
673 650
474 744
464 482
605 39
805 170
800 648
4 138
160 368
676 281
943 977
223 737
345 588
347 109
685 259
782 427
320 797
372 419
915 815
189 625
175 205
918 95
757 877
54 80
220 976
436 781
741 210
907 732
573 241
651 456
364 577
487 478
711 846
73 586
965 170
537 520
383 27
431 570
221 802
590 87
163 214
939 205
143 260
241 167
587 410
176 632
224 477
229 280
64 13
91 414
808 637
122 961
431 927
295 714
430 714
566 800
640 274
274 401
671 749
2 754
513 245
721 945
768 652
372 534
959 509
459 131
800 977
284 615
501 515
657 397
121 248
594 378
369 582
192 4
481 307
148 60
435 476
393 167
308 21
433 51
678 214
977 646
914 536
290 553
58 203
912 69
876 502
39 310
321 369
279 905
763 51
772 355
162 846
772 260
456 968
755 197
862 212
866 458
8 884
548 67
437 315
632 207
678 208
355 270
86 680
231 761
432 548
376 888
524 17
999 943
236 106
711 148
257 243
240 133
358 991
968 988
520 793
160 206
645 654
342 144
483 180
775 460
809 69
191 997
454 949
962 497
816 321
36 856
878 312
465 461
916 559
744 614
528 64
207 226
525 621
84 574
599 3
47 490
794 354
374 27
964 853
814 947
396 396
364 324
957 58
832 956
595 50
314 270
182 586
510 787
90 451
165 906
854 889
940 210
910 351
781 194
841 164
952 565
938 516
552 955
619 65
604 65
749 533
562 788
561 707
947 280
1000 536
855 27
150 273
622 712
134 840
993 122
110 247
953 300
642 411
986 900
18 486
286 407
662 388
765 734
861 94
789 49
931 923
109 355
553 642
726 527
413 903
154 574
715 672
677 638
387 559
971 76
639 705
422 497
661 973
609 705
245 609
280 36
625 458
287 356
610 389
132 792
986 91
566 716
749 650
913 84
824 116
146 267
591 393
220 800
794 89
353 428
47 866
34 167
212 888
933 854
685 21
399 922
811 977
121 251
699 943
521 943
792 856
597 798
722 296
839 483
968 267
718 462
21 79
775 848
459 147
488 175
865 146
163 601
417 753
96 864
83 672
507 650
847 561
794 408
154 244
627 611
953 580
524 373
672 109
822 139
184 358
654 496
377 308
622 767
785 657
998 536
751 826
998 463
253 147
218 524
912 727
647 132
203 645
91 930
442 296
593 679
645 124
358 705
154 337
989 965
685 865
152 890
10 80
910 820
492 517
326 485
467 309
118 344
710 61
344 877
795 277
686 67
623 760
693 766
316 714
280 833
179 14
128 715
493 162
664 898
368 33
413 15
981 573
800 49
777 125
418 286
461 451
216 292
579 275
817 654
345 963
809 26
874 135
29 1000
398 167
239 694
370 359
946 440
776 208
848 442
606 445
959 561
424 126
710 94
740 995
949 650
598 648
570 301
315 770
24 250
744 47
740 683
65 205
209 147
606 887
279 204
917 407
656 763
497 925
157 397
396 888
563 311
743 866
543 518
774 531
407 176
217 165
852 736
756 829
97 128
161 245
840 452
131 109
97 688
271 494
411 334
857 869
126 854
198 368
913 719
119 78
297 204
932 761
15 325
652 521
112 982
449 130
474 945
470 203
779 990
924 313
565 991
299 890
813 827
576 147
750 379
168 40
951 11
390 182
456 650
964 39
786 82
936 221
921 405
245 533
843 262
932 751
694 133
591 783
586 862
276 362
940 349
319 644
571 165
96 667
934 275
396 502
630 378
163 681
730 667
352 380
40 202
336 223
587 543
955 807
485 464
370 298
758 347
181 735
753 280
251 911
19 57
698 124
12 398
454 802
145 500
364 335
261 717
100 646
906 234
586 397
173 286
456 707
945 309
560 613
179 39
487 107
40 427
447 508
706 701
867 103
245 28
643 172
185 820
620 629
783 991
826 928
569 444
811 85
506 160
459 77
951 680
137 340
915 120
265 376
85 930
152 524
174 319
29 788
488 616
140 117
485 654
978 999
552 926
430 824
958 877
496 603
538 167
237 348
522 261
78 54
234 14
440 295
21 932
592 599
963 400
583 207
650 546
752 289
743 582
462 459
802 934
308 227
770 383
759 108
278 355
608 514
865 72
186 244
397 636
366 126
452 511
238 555
840 606
514 110
56 19
162 660
615 893
580 432
721 133
380 409
269 42
805 75
750 651
221 233
77 210
86 901
592 957
98 176
478 359
703 283
192 129
210 512
167 189
324 177
914 588
739 967
349 896
327 286
356 441
344 643
52 194
709 692
733 338
537 481
311 706
401 138
451 285
894 887
550 472
783 782
292 618
657 772
725 140
357 80
411 637
328 157
545 416
654 924
377 588
224 364
276 236
478 249
293 434
527 163
894 284
345 557
985 153
832 848
213 587
86 345
721 376
6 12
704 6
353 961
137 716
943 554
316 258
262 896
248 512
767 943
791 697
955 666
571 161
372 893
963 38
782 387
972 249
774 583
322 695
856 175
564 338
909 153
382 145
924 196
946 851
912 408
849 450
195 603
939 961
302 782
204 775
438 112
177 240
875 743
523 577
839 514
996 54
256 764
859 958
515 417
914 426
48 13
461 506
647 830
467 305
482 734
21 407
776 201
561 141
448 474
487 347
959 31
346 648
637 883
810 381
655 789
291 712
349 746
855 82
959 538
966 954
619 458
515 140
275 293
686 243
252 416
966 234
104 43
449 65
927 545
942 246
119 225
714 873
808 127
86 204
875 513
479 39
566 82
676 347
870 780
743 752
390 11
973 954
253 717
975 53
633 835
594 128
480 395
590 257
165 73
306 897
589 569
928 49
