730 106
702 634
71 361
916 766
776 769
914 391
955 601
203 112
384 307
653 639
203 85
911 934
633 292
503 459
929 934
235 812
761 902
837 327
208 346
172 181
319 226
487 491
265 582
105 426
243 426
496 159
487 25
989 895
614 98
523 830
299 814
531 546
241 574
162 436
227 593
717 458
168 588
341 566
335 152
537 631
369 735
383 243
813 459
688 927
665 970
867 543
996 636
276 120
368 731
916 880
356 579
504 819
139 164
297 928
572 899
894 811
576 651
779 194
234 639
498 613
106 942
335 452
923 735
711 48
1000 95
215 316
426 66
669 243
509 561
93 112
580 956
850 965
579 368
976 985
735 598
641 310
347 606
906 780
10 756
32 459
857 822
14 629
592 825
932 58
580 750
315 620
135 376
75 623
504 494
852 736
485 711
337 591
575 847
117 749
563 764
549 183
200 708
346 514
699 979
294 921
543 628
691 819
416 599
100 821
368 678
82 679
908 859
469 703
326 863
557 228
559 391
368 698
679 950
664 634
794 250
707 823
766 532
993 241
320 90
630 50
346 310
748 593
842 332
208 724
429 257
890 355
800 326
584 18
26 815
939 228
668 124
704 910
477 288
334 437
598 756
684 172
240 44
736 869
11 777
185 676
776 315
29 279
40 805
963 728
187 119
782 415
403 295
261 511
486 481
561 946
430 392
964 701
505 179
412 396
828 654
126 135
415 706
569 606
686 923
418 490
8 865
11 351
547 247
34 892
479 468
940 521
689 862
59 475
289 110
792 358
864 64
353 327
575 658
85 358
404 212
181 877
280 689
952 505
829 994
677 688
37 837
16 632
155 749
170 1000
64 394
652 571
920 948
411 139
806 95
174 532
39 855
875 339
372 882
995 749
810 75
871 597
844 168
729 287
943 111
79 380
476 688
872 679
776 819
937 444
519 235
55 158
653 890
727 408
221 242
304 190
401 48
427 504
548 182
864 627
976 829
355 351
479 546
391 24
798 518
595 606
659 688
214 610
116 245
455 55
52 864
391 763
837 276
142 990
862 316
974 268
36 176
521 796
716 301
82 158
906 864
854 105
69 813
651 221
316 462
888 415
953 243
684 311
697 469
492 297
182 168
146 10
267 370
118 445
152 240
817 944
320 423
390 430
796 321
222 620
184 417
732 883
360 699
91 569
833 665
952 998
197 330
538 882
203 765
596 866
858 29
346 847
432 903
783 365
274 895
604 693
685 767
160 567
732 623
657 364
94 181
518 206
947 67
410 976
157 844
222 442
542 509
978 922
673 961
113 562
951 235
446 949
677 143
247 864
892 233
696 362
519 433
659 905
538 110
404 709
119 979
415 530
991 68
249 564
610 58
794 454
949 383
43 635
592 223
819 898
176 133
60 13
856 996
512 868
815 174
119 128
274 884
806 261
297 924
686 43
898 317
80 279
228 740
707 722
289 45
383 499
45 344
70 515
745 291
584 940
595 689
750 317
229 921
408 162
296 86
210 769
551 931
564 261
395 965
518 853
219 378
801 244
975 59
237 907
543 708
137 254
807 541
959 463
677 215
649 453
284 971
292 899
371 236
709 126
477 589
94 415
419 667
653 543
173 65
285 550
872 929
206 329
185 969
318 615
179 711
977 657
921 880
899 92
767 278
31 47
313 383
531 65
765 712
730 882
881 625
478 863
9 209
98 752
410 528
994 502
267 893
293 122
484 235
394 385
747 308
131 80
917 136
60 840
721 775
905 978
489 209
543 942
443 720
274 528
905 167
235 668
299 154
503 320
104 467
2 368
42 109
818 413
445 929
621 298
256 614
972 2
111 372
842 656
175 81
643 477
648 9
477 954
17 932
475 824
733 965
540 276
506 800
688 156
41 168
188 741
580 922
779 695
248 793
4 714
563 94
655 623
107 964
460 186
559 44
988 588
491 28
586 565
187 703
598 541
2 132
65 620
388 17
244 892
717 94
737 155
202 999
502 744
977 695
640 723
83 90
710 248
119 324
144 243
405 664
886 876
78 376
837 26
780 641
600 782
172 398
375 429
520 807
712 52
85 794
755 778
150 826
451 320
256 427
434 459
975 57
721 189
294 971
315 728
143 317
854 585
732 316
148 177
934 994
112 379
185 834
312 1000
333 461
660 226
666 760
477 59
126 637
790 888
553 563
730 340
25 320
811 285
362 896
236 257
160 757
570 431
183 429
565 454
613 780
971 756
333 496
122 464
438 580
794 811
144 929
634 996
580 643
182 919
476 647
38 219
291 790
108 289
181 311
775 102
730 137
373 656
559 886
261 956
174 901
29 966
924 782
3 376
293 863
871 974
872 921
445 617
529 300
612 222
184 915
638 713
55 561
627 860
113 10
182 936
489 694
751 249
548 636
413 974
185 1
917 903
454 153
203 402
901 141
923 164
494 365
602 999
521 384
936 113
685 666
279 823
920 676
382 541
40 25
27 918
105 460
824 117
38 269
613 804
139 608
103 108
767 430
3 818
641 138
638 970
590 270
170 929
546 723
546 287
241 314
519 825
467 403
362 164
601 77
518 82
876 484
921 766
223 618
78 256
874 96
159 95
743 982
72 691
748 978
615 485
489 625
397 232
78 798
319 482
668 57
213 245
229 485
13 939
411 647
43 128
973 256
20 116
40 9
266 615
629 430
428 210
999 378
123 325
977 403
154 290
11 512
283 986
177 740
877 427
17 651
123 385
593 879
283 86
422 536
570 598
85 654
923 529
796 413
334 422
18 582
857 599
475 48
494 488
491 133
514 439
612 367
855 324
654 770
283 716
680 118
178 409
186 251
809 555
524 943
552 538
544 721
347 349
929 123
665 449
315 640
194 97
305 696
867 824
119 693
320 656
1000 845
734 230
848 709
741 605
953 35
25 840
243 364
719 952
207 703
331 806
221 594
654 193
903 339
40 720
798 585
14 741
934 681
900 812
790 960
729 133
606 693
897 714
779 186
123 681
308 912
850 391
999 595
357 489
800 308
286 59
101 818
315 171
812 823
539 601
342 806
494 308
791 693
757 426
244 23
551 301
874 830
395 571
254 687
668 733
889 57
265 252
257 326
98 6
913 858
344 293
592 54
720 889
430 501
346 613
262 363
964 607
145 911
343 944
359 969
265 666
14 684
726 23
743 785
122 572
394 94
299 772
676 482
518 993
456 532
15 828
295 222
643 963
1000 189
9 45
626 533
794 421
493 956
144 515
92 881
837 982
353 874
621 611
574 170
148 467
734 516
319 647
596 43
679 243
17 442
117 574
333 144
153 515
989 860
41 328
371 605
28 279
266 51
109 312
556 9
