288 19
789 671
409 298
884 101
941 72
46 881
529 755
893 817
552 983
457 104
957 100
454 799
678 785
573 10
103 780
900 730
247 631
43 481
328 157
955 9
890 453
693 493
641 390
995 465
656 714
709 56
545 355
595 803
290 836
148 238
964 354
903 857
691 854
796 296
25 148
478 704
759 104
217 34
319 1000
232 35
143 339
415 916
414 618
369 287
153 738
139 835
234 315
466 493
266 698
858 642
46 644
443 978
799 415
122 120
561 527
207 226
128 487
754 371
896 984
375 389
666 230
95 624
384 137
275 968
815 516
449 164
811 622
813 986
795 669
440 419
755 324
630 836
711 144
1 193
476 897
221 309
380 364
613 784
352 194
112 18
244 407
669 484
418 422
789 343
103 867
435 456
985 534
894 964
887 775
176 209
131 309
654 972
344 585
657 761
321 373
188 770
783 538
94 914
467 186
512 283
600 95
333 211
489 978
955 297
483 726
891 786
915 106
609 240
411 271
148 102
936 118
302 992
61 987
948 138
721 906
143 577
550 396
955 450
586 707
405 83
648 340
320 681
308 317
220 832
370 216
985 498
155 277
92 193
142 951
691 322
620 479
892 28
673 548
738 645
522 597
660 322
822 892
787 627
980 303
440 389
312 161
410 863
11 954
184 564
843 330
232 997
240 235
77 613
246 109
733 488
848 100
498 162
388 283
247 584
112 732
390 166
572 867
217 709
445 761
218 148
503 359
354 674
650 524
375 350
356 241
534 59
741 237
222 891
413 812
266 748
630 155
184 125
864 975
747 437
669 465
619 166
373 585
530 271
875 231
582 692
840 283
313 811
709 94
266 823
595 428
482 756
266 663
565 445
914 628
902 1
275 218
322 705
986 216
620 814
938 308
467 688
407 933
660 116
153 128
573 679
239 429
963 835
602 972
516 71
403 460
881 702
365 87
289 993
171 254
173 50
483 687
253 787
217 354
675 367
48 288
701 80
352 366
409 179
821 537
919 504
283 946
962 342
729 465
687 83
53 861
396 396
478 736
561 172
699 455
916 771
619 63
429 816
543 302
59 365
261 313
398 38
198 519
832 680
153 904
804 26
547 990
663 303
172 940
634 688
312 448
725 817
399 40
970 740
968 349
727 830
258 536
222 275
594 801
268 92
532 833
786 277
169 754
405 965
472 82
869 855
926 803
882 386
675 328
951 205
517 570
577 889
337 530
348 587
21 666
503 530
872 510
7 17
73 48
165 930
771 770
736 202
972 651
467 654
75 396
649 813
759 548
138 886
397 554
225 907
58 588
396 424
65 950
226 710
55 414
