892 47
941 118
640 692
255 216
11 211
76 810
71 496
292 827
833 62
596 408
320 231
44 410
896 16
257 1
493 27
257 492
118 835
670 314
476 55
368 518
211 305
924 747
589 793
44 485
97 605
870 909
696 749
573 945
480 416
364 370
826 487
582 422
987 84
871 768
387 472
487 398
790 788
711 648
694 501
3 565
22 965
816 792
70 391
917 475
291 747
44 114
369 146
555 868
659 189
56 777
537 52
806 464
478 831
362 183
745 54
607 390
765 129
296 433
291 366
562 70
157 2
943 267
364 395
781 393
257 45
54 172
170 948
489 445
438 487
734 588
387 540
971 898
594 904
154 224
660 254
834 90
962 735
482 239
973 528
975 663
793 663
549 589
876 29
490 152
207 850
546 96
27 821
952 776
908 984
81 901
228 435
293 828
453 616
638 727
189 509
151 195
717 956
739 971
370 74
894 965
512 202
810 266
404 468
695 584
95 30
344 282
266 452
652 360
994 570
90 797
597 824
951 205
257 893
371 290
392 46
576 12
581 946
476 792
613 318
620 391
777 869
286 13
99 239
744 967
828 732
425 814
389 409
970 14
451 627
62 287
417 279
219 628
327 395
731 257
691 879
984 548
421 453
882 976
836 339
793 131
318 385
925 690
553 595
469 933
506 154
420 23
638 871
502 609
604 360
610 457
742 343
568 427
742 397
151 147
409 128
940 299
4 775
225 199
623 170
500 996
802 858
41 544
846 120
542 39
646 30
345 2
478 409
132 685
518 359
848 483
292 462
6 917
44 425
191 519
93 54
426 328
668 970
323 71
532 281
134 505
803 813
598 803
366 783
344 159
548 157
195 496
311 443
207 216
105 750
702 566
974 607
399 953
342 144
424 38
628 98
106 706
640 693
782 550
899 519
283 657
348 780
266 652
412 823
661 841
368 377
383 501
827 708
611 982
273 631
70 428
193 89
421 511
357 856
320 916
708 240
808 614
545 875
101 1
852 37
723 393
525 575
176 294
180 844
434 963
865 189
681 340
821 85
658 344
115 292
423 82
619 960
449 390
346 363
90 319
995 656
128 143
107 68
715 626
1 748
330 392
574 685
401 571
632 706
825 198
606 221
122 249
114 95
248 809
263 609
777 427
529 752
88 97
221 755
105 673
552 771
277 87
180 932
165 641
451 822
721 113
517 338
523 807
190 312
655 169
705 22
665 98
142 278
563 913
920 776
849 458
993 461
915 566
945 776
736 194
936 843
196 377
174 822
21 29
424 982
198 698
18 796
459 516
767 302
615 128
130 255
220 799
499 944
399 696
532 496
135 449
862 864
167 157
976 384
456 259
798 250
441 300
568 792
121 193
293 37
785 683
491 481
376 716
990 24
426 362
251 862
40 298
520 285
189 867
337 328
178 177
85 784
308 296
996 71
789 281
103 73
123 438
851 543
587 212
568 334
936 339
321 753
263 549
474 638
375 182
346 678
759 323
757 76
553 894
532 956
520 500
97 22
224 930
331 769
486 12
432 126
380 967
694 106
900 615
741 642
368 803
925 427
622 986
467 231
369 931
210 111
570 395
692 625
115 758
276 778
256 741
983 560
765 553
15 613
384 618
334 682
104 102
161 521
699 690
706 331
914 17
49 219
582 117
476 921
442 18
421 941
4 353
119 804
386 388
270 67
174 202
852 682
519 922
349 826
341 408
445 355
586 534
521 27
423 562
107 867
115 695
683 381
346 305
373 582
121 531
979 636
778 105
378 222
40 594
936 851
358 911
776 993
593 311
490 932
218 953
191 681
308 156
934 29
859 605
188 10
216 444
895 647
203 918
508 535
731 46
78 354
39 95
451 637
849 672
996 642
125 408
993 526
310 832
840 664
241 415
423 978
203 791
343 174
590 230
189 191
218 477
353 70
437 548
765 406
19 33
582 618
609 733
37 653
219 507
971 598
370 509
330 3
937 573
889 568
722 963
603 147
922 817
276 49
103 621
378 782
264 54
962 817
801 605
549 676
193 285
867 575
225 579
786 240
966 695
142 869
375 82
286 998
311 32
411 713
724 862
136 247
569 658
214 709
702 4
960 303
544 664
646 277
970 239
604 384
217 953
930 206
910 729
891 654
928 172
365 843
455 97
380 625
290 933
46 743
806 155
54 509
595 537
866 491
82 843
602 783
981 625
592 123
262 719
114 910
540 900
211 305
380 625
453 292
532 247
436 538
639 994
793 279
497 318
868 279
437 173
922 255
960 374
389 630
998 768
667 927
558 47
697 287
278 392
376 38
785 719
814 345
381 397
603 668
432 864
842 300
659 683
738 246
175 389
762 920
905 111
36 348
960 760
680 654
701 362
364 332
351 666
212 930
920 245
947 530
13 389
104 561
203 793
908 84
727 464
537 230
884 833
28 956
30 367
632 830
210 611
13 920
649 215
722 515
761 525
892 273
581 243
472 387
996 944
664 883
38 604
954 765
736 28
207 226
277 613
604 676
727 744
915 627
704 980
732 488
72 588
575 443
312 881
197 561
720 429
107 867
264 534
257 872
363 484
815 477
252 398
696 817
916 132
877 244
502 410
229 60
136 117
171 268
906 510
773 64
131 136
729 864
262 625
156 771
294 94
705 400
280 680
60 869
847 97
390 660
812 330
89 755
4 312
129 807
199 109
221 317
97 784
511 779
35 991
919 564
430 234
650 293
18 423
201 891
390 242
303 988
999 34
909 933
522 287
81 160
546 475
428 438
499 138
12 699
798 806
450 987
435 265
778 98
161 821
355 703
174 874
463 802
358 958
410 882
526 934
654 989
615 951
552 478
507 860
678 202
112 659
513 330
685 301
898 392
430 742
370 76
201 600
863 57
542 877
602 260
102 231
363 296
235 178
975 153
459 569
795 627
183 549
902 91
654 629
202 149
852 932
619 295
71 383
731 956
443 327
548 521
35 331
663 847
764 847
151 159
58 984
575 582
874 432
733 35
419 682
353 968
644 546
608 730
256 585
207 30
782 572
41 941
682 872
176 929
835 726
267 514
742 240
612 108
980 171
204 587
583 287
965 517
776 747
476 979
310 84
862 539
985 771
585 59
371 241
675 654
945 512
434 777
586 558
802 795
841 714
57 871
287 513
395 422
298 466
673 688
478 818
575 748
45 886
369 209
513 410
225 284
625 359
18 96
585 195
604 379
36 304
205 764
913 724
139 262
584 920
966 141
902 938
205 373
301 29
391 783
136 665
216 226
139 121
936 847
351 895
650 312
93 285
266 836
782 515
842 58
515 531
542 88
635 780
137 282
130 550
373 195
121 340
731 835
673 348
766 733
485 172
640 918
207 39
680 69
220 141
841 739
399 116
696 647
535 945
657 645
640 730
605 737
933 332
117 66
235 419
316 717
14 600
542 426
200 500
289 564
442 640
823 354
58 33
778 766
199 341
879 832
445 35
863 419
857 684
198 602
179 519
162 950
857 718
72 17
489 190
657 535
195 562
106 962
210 376
38 345
763 575
975 208
569 291
496 583
852 748
990 200
761 211
559 51
296 704
581 309
332 661
114 11
858 753
861 178
139 426
615 645
122 394
828 772
170 878
691 499
708 73
892 466
716 968
598 464
5 777
125 704
566 831
552 63
357 715
178 371
34 242
473 803
816 640
249 288
813 386
6 135
215 631
154 566
78 100
960 673
464 212
673 615
957 313
371 734
264 334
293 151
312 587
576 809
39 150
146 755
842 911
499 610
970 623
582 693
608 130
675 71
81 98
778 976
366 697
359 264
773 965
567 878
973 789
692 890
79 614
451 86
505 431
351 322
730 100
492 489
583 336
191 182
608 220
579 639
368 388
859 450
508 580
502 290
593 407
515 223
529 721
209 812
895 659
480 634
465 302
246 107
595 141
626 952
926 412
877 871
1000 710
385 496
377 500
299 976
498 289
414 127
72 460
878 51
370 729
472 7
508 489
11 260
695 378
323 283
719 359
739 818
379 788
676 897
917 635
258 564
439 229
24 404
676 682
422 302
122 248
878 818
337 920
923 231
652 684
959 435
