877 700
892 786
99 41
641 357
553 880
919 179
110 88
567 931
533 127
251 231
848 865
730 614
419 288
405 32
831 785
573 260
767 838
106 993
887 870
112 537
909 372
194 793
842 640
871 707
652 502
999 78
525 788
361 805
555 441
858 154
642 974
2 763
184 949
268 114
277 879
348 488
310 892
423 703
301 990
672 373
390 632
229 443
478 291
75 717
214 87
837 765
13 750
539 936
979 433
73 998
208 550
478 456
847 644
170 909
269 180
952 756
692 685
911 528
446 426
1 479
727 845
943 160
33 602
207 840
594 378
484 851
441 525
453 308
918 886
498 115
371 315
811 513
349 727
71 869
33 261
943 960
566 992
842 289
733 878
982 453
408 395
809 957
280 853
546 344
641 195
909 157
116 742
811 637
624 22
668 992
845 148
72 226
435 682
752 319
349 974
54 459
364 853
766 524
687 614
736 349
102 807
506 684
200 181
134 256
68 723
216 447
395 1
954 751
485 697
229 553
535 552
790 755
434 489
218 83
34 334
459 204
101 394
596 439
384 700
608 58
609 34
10 576
575 391
826 822
148 781
870 448
847 108
261 51
519 207
121 403
364 596
430 97
606 198
860 396
804 324
226 81
727 458
517 21
347 565
150 803
119 123
800 603
806 498
164 123
148 502
735 79
247 413
496 110
874 929
71 296
300 445
611 886
400 460
370 648
682 816
971 170
910 680
385 836
163 973
127 83
772 441
999 954
489 93
314 402
923 72
912 924
832 639
194 155
482 957
579 488
226 139
221 305
98 407
188 634
157 417
654 166
330 889
620 111
114 150
243 172
443 975
550 962
297 144
367 595
977 267
640 849
865 340
572 223
695 833
296 456
289 398
931 464
979 35
779 392
391 881
882 445
486 508
436 617
27 728
345 215
864 921
907 780
479 392
381 964
155 103
167 476
497 29
749 699
860 384
494 584
533 124
187 486
620 640
218 673
856 138
590 478
180 83
86 193
402 871
90 465
756 466
484 889
82 938
928 716
885 452
909 654
141 212
120 455
606 526
258 710
571 709
328 22
277 572
298 473
586 610
766 68
424 164
95 343
815 170
110 81
90 463
242 898
903 198
877 246
401 681
614 313
230 462
693 892
144 437
594 792
860 455
375 366
62 209
861 22
555 850
990 799
276 525
445 355
222 387
365 241
437 842
665 295
524 575
719 132
357 929
481 78
228 22
877 156
768 131
608 861
746 684
856 148
951 296
993 374
162 743
312 701
157 653
466 673
208 247
319 26
126 962
291 929
977 796
188 571
7 227
499 842
80 233
113 175
224 627
38 327
406 28
492 394
442 361
188 743
845 341
91 112
900 392
307 316
149 995
259 735
590 350
465 864
46 813
70 183
814 55
834 922
191 58
321 448
672 888
933 424
160 499
973 750
507 385
491 810
498 261
541 225
142 347
983 807
648 206
206 172
1000 323
98 800
509 685
960 298
339 211
64 216
304 891
253 856
360 314
238 681
568 33
262 112
192 453
274 808
936 691
925 395
727 804
666 716
823 47
131 677
917 351
572 167
139 887
104 455
175 807
623 491
629 759
204 333
316 312
240 24
696 229
15 306
473 540
189 689
760 699
57 834
55 362
193 874
759 448
557 763
33 825
654 421
493 771
238 365
682 427
60 281
214 241
767 827
934 789
597 274
587 500
842 581
54 410
456 824
941 738
516 641
622 465
393 575
392 964
989 338
766 103
402 122
106 87
144 391
501 94
738 196
612 968
977 556
2 309
43 513
341 630
881 369
245 92
463 720
639 251
409 928
868 601
421 523
559 788
1 706
212 936
951 153
470 338
858 461
157 547
608 513
157 811
700 677
7 104
33 650
398 438
289 570
722 481
245 653
607 992
447 188
148 424
603 576
320 601
194 52
871 781
813 819
771 214
640 754
706 655
610 481
375 519
904 955
479 134
428 292
133 403
464 899
516 784
115 759
658 694
287 986
522 808
448 898
585 358
632 777
9 127
122 720
613 770
759 704
372 34
725 807
104 179
143 778
382 256
411 886
576 973
726 445
170 863
366 962
509 418
652 490
120 983
502 96
140 91
106 899
966 365
248 78
781 6
818 516
58 171
883 199
407 509
24 905
553 323
978 748
380 530
587 248
864 133
535 857
989 668
828 587
282 543
650 758
801 652
765 820
869 404
746 307
658 775
436 606
681 791
504 6
890 781
837 363
549 433
479 802
24 465
428 846
673 110
536 724
99 458
573 598
271 899
605 773
406 572
265 177
17 742
496 251
428 508
308 181
813 378
45 638
267 557
541 526
69 478
833 654
382 166
237 653
284 453
810 878
623 141
281 960
268 21
865 96
242 866
382 669
640 918
255 272
690 940
854 921
874 167
152 758
857 622
135 884
257 407
416 109
818 504
173 533
93 416
803 947
564 866
401 194
24 723
17 160
658 253
636 443
142 950
371 252
471 205
241 798
608 113
599 337
67 79
828 418
816 617
821 89
864 300
447 639
610 276
762 750
109 32
238 100
69 206
112 927
67 459
924 177
328 61
905 676
458 102
438 569
639 90
897 191
787 675
691 291
303 757
937 829
865 93
486 474
356 719
605 436
67 124
567 824
763 827
594 649
712 359
896 407
547 776
35 576
689 742
959 92
924 542
104 603
371 222
320 986
844 949
484 412
291 874
173 289
917 814
837 916
435 679
621 798
408 66
373 922
733 15
274 724
729 162
572 659
926 648
570 755
681 425
887 197
844 61
993 607
754 197
887 671
316 854
945 970
898 68
11 805
167 197
472 950
847 233
419 524
186 459
903 201
837 68
872 208
456 834
608 99
514 981
32 37
974 644
771 354
224 487
375 316
853 992
775 922
249 406
83 52
510 239
264 564
451 556
366 335
974 808
469 745
899 804
144 781
531 450
18 201
554 758
219 433
533 227
298 415
85 743
311 147
47 264
825 547
426 744
335 358
419 505
361 258
234 222
192 155
187 539
719 524
480 48
158 532
963 495
688 260
363 332
854 946
871 328
828 123
403 260
276 425
622 884
861 234
986 99
22 805
616 298
590 868
259 92
975 7
44 280
750 281
304 156
556 29
841 218
306 967
321 257
487 556
793 227
989 670
406 747
853 507
81 253
810 60
29 223
928 57
157 527
59 811
503 557
408 642
310 419
130 233
216 300
381 77
536 795
343 756
138 175
845 183
834 919
511 383
275 544
126 785
431 475
114 189
184 152
134 93
709 793
278 974
647 63
855 301
329 298
356 964
25 615
563 321
564 58
162 666
665 267
619 700
689 881
71 120
854 921
510 231
207 205
904 970
231 917
181 491
101 249
584 856
805 931
23 51
323 325
709 825
213 124
761 381
482 986
845 431
425 306
703 296
263 564
983 472
976 842
595 577
230 688
482 42
874 433
331 212
726 196
472 675
966 22
699 452
544 745
719 542
504 420
406 383
269 386
12 889
115 540
520 501
382 701
739 469
277 834
57 755
303 371
583 990
646 275
121 708
328 545
435 877
1 327
237 205
418 824
519 530
575 758
716 311
472 268
276 815
580 943
836 558
327 796
803 740
830 535
909 997
368 475
187 256
324 163
193 710
823 324
889 152
884 257
427 233
338 755
430 866
450 491
257 467
239 96
409 638
552 178
404 237
960 512
310 449
810 142
482 162
741 292
711 724
680 233
785 181
417 610
915 375
48 972
164 334
774 551
566 562
558 240
912 344
302 93
248 98
906 113
806 611
802 907
58 778
887 469
655 953
773 881
265 74
223 877
199 923
400 925
769 153
29 51
369 426
421 11
156 113
38 502
409 937
545 92
197 556
562 782
24 483
269 676
840 669
491 540
462 998
53 483
94 256
648 738
275 673
972 804
801 539
727 864
406 568
959 496
983 868
442 119
432 581
393 523
792 469
875 777
906 624
694 418
1 238
789 317
830 970
447 516
148 969
482 477
195 213
599 243
585 30
518 347
856 975
