746 239
203 289
421 503
983 791
659 778
305 375
425 340
604 76
488 148
333 958
359 28
396 696
863 200
205 898
364 561
555 931
423 628
545 964
869 463
532 960
165 786
268 710
629 734
259 300
606 43
66 277
590 347
158 593
872 68
383 597
812 807
687 231
217 11
499 502
89 331
161 166
659 679
629 546
457 169
835 604
27 501
800 242
544 16
532 332
282 626
839 13
715 615
351 830
796 121
814 49
145 842
306 76
820 358
698 418
492 766
453 549
209 592
946 315
460 810
944 120
93 502
463 742
60 592
733 241
631 422
818 480
72 123
62 197
278 401
690 667
419 82
673 182
809 654
554 524
973 726
519 110
501 945
163 105
55 253
394 682
481 419
134 975
890 92
133 231
477 563
96 972
846 399
689 672
901 546
813 666
892 996
196 132
509 811
282 171
354 196
44 551
378 383
450 688
221 620
148 847
553 491
194 398
14 815
331 786
606 228
728 512
888 143
403 835
547 560
829 607
828 628
668 488
978 107
927 107
102 992
820 795
4 270
591 841
704 888
1000 436
616 611
699 862
11 420
451 6
766 847
213 834
461 999
756 607
220 559
624 792
105 730
427 298
264 159
986 661
295 696
824 563
727 348
302 861
311 966
841 962
440 23
834 493
801 6
672 636
963 733
303 431
305 347
213 362
99 605
564 373
617 896
801 62
909 695
545 331
368 255
518 249
56 65
25 184
520 905
24 535
432 17
725 30
587 689
898 489
34 662
151 10
515 80
124 976
713 171
61 462
269 184
243 659
507 236
477 525
771 777
717 137
404 741
763 971
265 561
769 785
67 343
779 485
486 890
91 864
349 940
146 703
156 437
679 418
977 778
459 324
17 873
265 445
12 116
486 793
484 861
279 870
824 795
198 611
958 668
337 737
556 479
834 669
74 791
880 231
117 531
598 59
461 85
765 586
665 870
465 866
963 393
680 491
246 111
368 936
924 969
163 677
338 235
167 489
440 104
557 501
109 555
401 155
544 153
748 927
811 69
987 892
521 872
362 257
931 43
355 811
38 437
23 743
61 813
296 244
286 19
205 381
187 738
35 255
37 391
267 732
156 414
649 871
23 125
68 755
678 262
863 538
438 216
652 11
702 429
521 702
337 186
616 38
750 553
725 679
182 100
399 675
598 39
990 746
385 657
393 161
162 529
271 983
149 181
338 454
235 880
96 901
635 793
976 512
186 701
799 679
832 856
527 120
846 925
942 330
287 283
736 324
509 559
597 544
512 519
880 537
690 343
869 646
502 436
241 81
346 189
863 205
152 387
478 368
706 281
549 292
911 790
930 624
467 2
209 466
886 736
191 454
586 106
307 227
7 327
408 427
846 352
692 599
140 992
636 557
115 208
664 700
416 233
60 750
475 720
24 908
737 518
572 740
292 41
965 964
712 172
299 32
872 17
718 553
221 635
376 239
11 875
914 116
162 341
310 591
599 177
30 574
285 72
351 181
439 889
196 796
547 249
35 892
182 373
998 138
377 70
604 110
610 432
16 774
723 16
871 266
751 692
366 533
584 62
796 223
288 328
587 83
8 855
859 681
850 868
820 105
999 710
245 419
255 641
773 184
859 923
780 905
208 873
179 302
15 179
747 472
166 466
93 3
479 541
229 691
244 250
325 87
35 897
22 960
128 205
52 630
837 163
636 941
772 966
161 934
880 830
438 869
830 139
63 715
68 33
571 624
711 299
305 819
944 188
194 555
209 562
398 987
879 914
191 711
629 600
581 597
225 383
892 454
513 490
249 234
381 397
818 682
510 95
774 801
282 199
750 364
940 521
986 885
890 846
961 810
643 246
975 74
967 750
614 416
961 856
10 261
204 827
231 192
881 894
262 699
805 768
967 198
430 492
60 838
504 306
867 749
367 145
102 941
939 569
166 384
88 977
186 91
414 559
336 43
912 724
708 207
678 147
175 423
970 770
955 947
425 804
709 788
694 871
755 867
681 842
890 890
219 724
721 548
272 600
309 85
141 709
312 422
151 926
653 893
986 386
702 607
921 345
383 630
40 272
375 223
74 468
873 288
77 572
310 188
272 304
304 944
298 411
475 638
508 893
733 606
543 261
172 659
384 257
567 7
615 789
839 299
45 845
97 70
493 261
398 382
675 108
542 347
590 536
123 231
770 206
320 651
919 152
802 496
829 840
117 610
741 903
393 896
13 958
353 206
451 5
881 722
389 442
502 379
560 914
995 640
141 364
151 469
430 55
123 247
597 863
927 278
371 590
134 92
344 824
785 647
674 754
518 87
448 326
586 727
528 893
746 432
276 536
125 88
494 676
1000 184
840 954
727 594
916 66
151 891
62 306
383 260
880 751
197 634
165 293
509 867
48 40
418 908
517 107
961 865
949 832
338 20
252 445
634 69
528 515
134 538
453 593
384 654
90 954
891 586
64 312
739 902
283 490
962 361
910 877
616 289
581 685
449 976
910 196
605 847
777 56
295 861
939 761
82 28
788 447
664 976
894 745
190 528
104 145
718 821
106 927
863 468
279 596
565 880
182 825
676 606
352 277
843 528
269 50
256 337
417 602
295 998
795 45
955 724
926 319
905 388
355 974
979 571
898 449
658 364
726 513
820 723
380 920
479 21
45 463
897 298
604 770
164 600
613 443
495 427
3 740
695 326
202 515
362 580
417 851
966 597
354 79
272 377
165 733
953 67
71 313
668 803
397 179
335 936
320 583
165 364
133 174
549 135
235 248
360 88
855 754
194 80
310 100
844 187
833 841
945 139
238 580
831 376
703 754
823 553
796 494
833 267
80 191
593 451
461 184
802 956
201 447
394 646
892 106
852 494
407 415
245 402
777 412
828 530
314 991
536 241
616 534
712 233
682 49
319 14
420 526
824 873
443 625
439 460
591 239
652 386
326 371
757 328
182 119
233 891
863 798
674 356
801 821
31 161
656 323
465 923
767 711
886 419
369 680
820 334
346 517
192 167
319 919
24 497
281 370
104 23
298 346
149 330
476 27
57 183
754 369
298 821
75 603
663 633
687 270
30 709
832 66
998 423
236 319
136 1000
654 602
631 994
16 251
818 882
860 143
995 200
321 920
429 255
208 738
978 252
914 847
893 205
942 288
920 632
848 570
984 145
644 876
227 915
197 295
92 508
202 38
527 269
244 221
801 232
809 708
689 2
179 658
296 149
645 512
538 208
967 558
714 91
687 923
459 878
469 117
737 894
403 955
88 818
692 692
209 724
198 134
54 404
208 105
648 965
128 556
181 700
849 314
632 571
145 699
979 229
366 897
23 487
625 724
243 641
740 31
66 17
636 10
788 832
543 937
369 192
56 130
153 643
396 422
359 970
407 498
645 777
786 382
878 925
275 727
