872 387
103 661
968 934
949 259
937 7
759 823
22 245
427 99
150 65
431 556
539 286
741 27
758 536
913 715
294 370
556 412
196 282
777 938
591 435
544 143
173 607
907 114
980 197
990 909
34 19
147 548
695 178
111 40
23 29
15 760
311 738
615 204
932 970
237 657
870 127
866 853
81 188
24 490
70 191
579 726
524 785
659 947
171 513
74 281
658 688
16 189
163 780
608 732
54 598
65 573
334 673
135 587
111 123
295 667
862 476
727 585
369 269
81 703
485 96
176 110
917 122
66 669
969 826
371 976
479 97
200 497
631 343
932 339
905 838
559 704
431 630
972 901
149 743
360 484
840 630
774 703
64 441
446 325
404 14
291 256
344 272
933 318
301 85
911 909
3 353
298 939
279 981
96 129
898 555
574 574
320 237
961 671
268 813
865 79
253 689
18 600
191 468
17 337
559 410
571 36
724 443
854 766
927 472
438 300
59 733
279 67
654 551
946 984
440 266
973 789
613 798
553 880
152 243
424 560
519 905
615 9
125 164
370 260
746 773
191 72
173 896
58 315
526 890
328 609
17 456
748 702
629 756
972 528
867 17
472 77
779 672
764 719
854 457
760 224
88 726
684 18
433 544
501 82
473 903
518 786
765 433
659 615
434 769
417 216
420 458
147 1
954 745
242 726
863 110
866 715
40 728
327 427
351 349
406 226
161 654
944 78
999 191
704 283
311 706
257 355
875 999
913 175
539 939
598 146
544 837
617 858
690 268
792 300
444 628
498 635
798 438
481 603
713 24
622 670
46 406
366 312
290 376
342 717
301 465
828 558
307 298
765 886
857 743
525 557
932 973
844 241
179 877
50 949
706 746
59 392
122 522
445 574
289 531
421 948
618 877
844 624
426 901
342 755
249 277
69 8
105 829
588 110
378 119
181 157
521 117
821 606
714 945
73 737
191 515
22 82
722 514
424 791
123 837
233 1000
293 423
974 848
674 199
178 184
245 556
437 116
218 44
623 263
482 319
770 945
515 438
317 454
825 75
929 374
408 574
155 859
45 232
807 958
256 868
665 224
265 390
138 616
176 138
477 272
627 595
926 161
994 479
258 850
787 517
255 373
439 586
858 727
693 347
337 162
926 372
437 601
379 742
807 17
747 949
569 131
713 28
319 845
452 447
933 252
523 837
331 476
743 120
792 122
490 879
736 52
368 353
335 415
277 761
995 696
615 930
392 165
479 816
43 555
356 888
430 939
571 14
629 416
220 102
846 465
212 720
762 463
916 182
288 578
190 291
984 733
624 917
954 259
167 547
299 765
409 519
50 219
652 404
223 561
157 56
721 767
725 31
264 132
587 414
787 612
376 639
157 644
597 94
107 421
530 36
732 317
201 899
541 240
82 694
368 893
543 686
447 110
158 821
349 701
486 711
28 452
50 146
82 114
177 895
764 195
608 101
739 175
853 317
997 675
568 631
69 392
161 611
349 886
339 723
485 494
863 810
714 306
699 210
146 295
785 99
587 190
841 122
214 476
648 718
501 201
867 322
57 479
166 661
183 659
618 882
223 37
368 251
655 331
580 823
878 623
908 260
187 489
693 732
183 114
265 514
479 657
364 198
360 487
171 829
517 860
465 766
277 648
309 193
310 194
786 516
305 756
312 995
436 352
762 227
514 715
765 434
742 923
332 920
581 378
924 133
668 759
511 992
172 44
257 253
474 4
530 302
560 37
161 485
114 548
743 859
226 5
186 1000
311 5
902 686
511 987
20 733
13 628
133 85
909 607
368 557
626 476
242 10
727 901
912 399
685 406
476 929
586 776
639 422
6 542
761 478
519 280
561 516
480 188
832 451
36 39
670 540
785 471
758 66
71 57
69 316
365 317
131 367
56 119
13 716
306 540
401 583
847 903
924 225
484 835
164 803
373 193
624 891
906 17
671 101
920 419
595 573
376 135
389 227
229 292
269 272
688 626
263 663
683 467
507 801
884 989
904 649
136 510
214 297
496 858
452 871
679 155
540 849
204 413
786 162
97 786
409 623
30 751
739 124
482 90
68 929
485 269
764 607
327 498
539 858
470 434
137 652
63 294
10 457
785 115
358 774
567 932
749 135
273 781
626 76
339 866
358 264
787 515
520 604
355 862
562 340
983 666
226 321
846 457
522 822
229 246
545 308
142 108
235 836
741 620
579 220
500 838
622 399
750 403
701 205
166 183
762 335
537 800
660 123
475 143
619 673
837 421
462 882
600 472
674 612
366 818
103 957
379 40
744 51
577 718
297 227
266 165
991 701
593 368
276 737
81 506
2 629
338 497
915 960
823 445
275 954
474 164
724 73
888 640
590 339
507 625
864 76
839 313
184 152
626 719
118 599
287 932
857 638
806 631
169 218
822 792
63 619
165 675
782 234
597 796
474 599
933 680
989 546
567 398
635 389
754 635
363 169
913 769
266 321
580 204
954 689
45 590
113 311
425 884
732 373
796 259
713 143
156 494
284 333
375 448
938 491
329 907
228 233
10 203
493 351
791 551
651 136
162 397
990 774
89 263
731 987
237 986
959 336
298 632
234 680
613 859
41 944
59 705
814 351
132 823
52 349
293 980
90 742
516 525
730 171
854 823
478 432
299 908
802 291
623 912
925 167
872 998
820 664
3 614
649 445
410 524
710 985
791 601
558 3
427 858
957 741
774 838
521 206
426 622
791 388
804 680
174 139
565 836
516 719
361 60
23 913
538 905
556 688
328 178
69 181
919 589
448 947
893 960
406 435
684 593
835 571
353 250
261 481
288 341
254 415
191 479
25 533
269 156
733 152
402 491
862 876
647 468
411 741
982 414
931 532
776 651
341 828
259 472
159 111
871 320
591 862
86 318
754 584
156 290
68 693
121 289
51 325
492 303
519 218
34 248
685 293
924 187
10 850
768 605
44 863
864 527
621 941
486 911
813 476
855 162
352 225
630 753
886 930
846 260
270 61
246 636
434 437
263 33
912 727
691 208
468 123
137 898
511 60
973 813
185 688
593 529
527 948
756 464
260 238
618 300
36 247
960 463
166 174
309 242
406 932
450 275
565 240
554 961
858 202
427 793
516 211
530 996
450 279
327 819
866 276
811 426
993 728
433 643
466 619
480 594
881 683
516 898
687 265
177 369
470 766
687 977
28 2
353 237
167 871
587 439
289 580
538 451
134 343
643 414
123 683
661 963
340 111
618 258
830 264
800 717
179 544
266 50
548 60
336 138
420 484
661 795
787 486
175 154
516 391
880 511
434 98
418 188
280 879
469 355
814 69
188 152
873 70
854 478
508 281
653 541
1000 940
641 353
499 543
315 25
999 603
233 335
447 415
265 20
59 607
956 219
78 737
467 660
192 761
982 281
931 915
520 120
956 219
707 777
655 438
222 73
622 661
878 159
296 796
357 634
250 370
695 31
237 743
99 723
192 292
739 614
295 367
669 772
267 845
12 843
702 30
209 97
780 588
153 443
946 823
818 32
8 366
714 870
690 734
210 937
376 240
416 911
395 568
783 489
51 504
55 432
487 489
512 398
219 102
611 841
639 436
666 269
133 208
143 197
1000 360
255 667
218 848
672 196
389 286
571 434
110 487
796 758
373 542
835 967
984 425
558 171
350 790
964 185
730 484
562 271
174 562
642 974
939 187
667 727
681 352
128 661
237 259
556 201
592 683
375 90
350 876
580 712
695 323
494 974
210 14
342 274
679 199
121 276
944 176
167 881
897 882
17 969
620 557
610 13
631 942
438 503
664 656
740 516
816 61
610 732
651 690
254 710
728 228
280 358
739 501
97 953
591 460
220 71
765 443
993 459
524 371
750 419
845 973
108 19
335 935
14 1000
577 187
271 874
513 579
687 850
142 876
613 529
885 865
267 710
123 186
248 229
905 921
611 98
143 241
707 908
164 551
999 757
806 568
422 557
468 28
390 547
33 447
