622 798
929 41
769 728
202 803
5 503
550 559
995 768
619 17
171 907
193 350
402 732
271 646
484 840
427 767
346 930
996 786
265 633
43 74
523 483
662 385
923 702
882 877
910 681
472 154
88 551
876 743
313 273
210 335
960 725
138 369
940 204
265 744
154 276
303 653
969 394
114 268
163 233
855 690
265 400
979 901
580 992
323 599
425 830
849 997
31 223
78 842
110 996
475 638
794 271
563 55
6 588
66 253
673 896
96 725
78 878
793 430
438 852
137 586
485 198
817 412
896 90
177 119
319 921
742 883
294 478
362 678
801 601
721 167
346 677
306 547
689 41
80 48
849 451
302 568
229 815
607 725
773 704
902 695
356 895
845 273
683 331
661 69
336 470
252 962
950 516
291 316
843 399
735 909
423 322
581 708
5 169
199 904
902 401
644 865
428 93
534 216
91 71
921 398
548 296
278 166
509 94
179 109
323 989
232 308
849 636
646 179
201 817
620 832
573 304
293 701
105 67
197 815
647 317
157 777
625 881
412 545
70 860
472 291
357 204
864 102
756 25
952 270
885 362
380 608
708 384
729 224
364 798
509 239
987 267
38 208
320 59
577 319
124 752
431 785
252 227
874 191
911 625
549 177
344 426
694 505
701 329
835 822
950 621
966 304
368 692
229 727
257 176
598 930
313 385
192 216
998 861
3 582
219 395
69 689
626 67
757 437
811 120
908 282
129 775
236 175
665 325
625 855
831 576
319 800
493 934
587 906
213 877
306 769
424 550
695 897
644 387
746 229
307 623
967 910
756 274
869 417
402 569
131 437
256 851
139 655
934 267
319 94
74 831
463 231
627 812
519 823
397 764
209 30
458 743
59 332
460 323
974 685
208 822
853 112
263 696
39 357
305 6
671 905
828 630
710 32
834 704
163 382
780 627
443 599
822 473
322 812
987 729
544 778
998 294
731 551
328 905
104 405
42 672
505 857
708 322
580 431
233 806
787 920
645 908
216 972
127 217
40 319
693 184
223 323
112 216
849 499
974 29
789 5
180 408
486 542
870 50
366 236
176 887
588 450
655 667
12 729
326 365
385 732
752 159
596 263
910 752
88 877
959 691
623 842
592 396
824 789
135 942
697 969
229 39
14 454
976 494
474 714
552 582
775 744
333 728
676 371
697 148
310 703
79 825
809 489
338 329
851 687
205 780
836 359
6 315
210 292
683 137
750 938
296 103
692 132
590 879
570 279
805 513
667 146
483 102
602 187
844 449
993 220
179 219
681 389
511 89
246 213
158 617
850 418
903 270
704 804
786 197
442 478
111 885
597 776
741 574
153 401
664 657
173 12
743 943
1000 171
985 585
541 167
211 67
696 19
608 671
437 754
792 936
170 715
441 303
89 1000
351 995
299 61
637 597
335 943
795 600
618 840
118 665
863 700
434 861
420 188
396 157
972 283
521 923
411 325
943 939
784 25
202 927
189 744
447 645
279 166
62 6
310 218
263 500
526 896
438 731
84 134
340 789
31 906
276 607
930 899
639 922
935 918
476 800
812 784
243 501
557 438
128 270
88 779
758 188
17 749
132 921
323 143
800 612
910 242
462 913
94 578
659 27
786 361
58 252
866 680
488 20
128 443
578 715
949 168
965 788
778 944
846 210
912 921
341 834
731 219
985 882
479 206
95 886
866 652
656 207
462 417
631 389
746 10
855 891
485 715
698 517
960 186
474 951
366 425
330 891
267 251
93 859
626 644
882 150
786 101
492 788
533 681
272 537
882 19
823 918
110 471
790 176
610 792
611 528
265 60
49 645
283 775
684 689
42 659
996 365
421 56
69 975
358 39
279 682
732 120
873 130
792 660
566 8
973 541
673 540
613 489
631 787
593 701
357 757
898 304
723 511
368 91
596 354
221 791
145 374
882 428
42 788
617 722
489 367
52 37
14 944
740 818
295 299
567 672
462 975
156 639
994 643
650 189
6 529
125 72
839 81
38 613
239 868
70 944
25 453
984 267
105 237
680 20
720 135
138 759
420 497
134 952
521 323
481 836
345 836
985 325
447 650
786 494
69 154
698 781
812 318
380 941
885 485
206 727
756 610
471 601
108 258
934 997
375 897
632 878
725 311
53 302
698 446
279 659
13 627
541 639
65 577
252 768
225 221
64 607
32 522
804 102
802 847
621 72
349 85
280 154
828 234
951 914
435 916
378 397
906 963
273 546
3 681
19 763
232 5
392 517
819 724
497 555
622 471
70 28
397 792
329 784
933 405
927 674
352 120
951 691
996 322
524 282
489 416
975 25
205 220
492 803
437 803
823 7
760 492
926 173
901 534
39 719
836 232
91 180
188 744
355 157
27 456
236 362
713 841
681 702
547 340
817 810
959 354
56 871
637 449
722 628
922 129
948 350
410 922
958 719
486 956
764 970
426 289
854 664
939 639
890 806
770 589
704 510
256 440
230 867
540 633
305 952
197 625
567 425
5 311
383 298
244 438
416 630
325 715
60 751
286 684
361 917
802 169
684 26
62 933
687 759
375 544
46 646
623 843
213 949
550 262
257 831
270 331
349 687
888 565
782 27
997 636
885 683
512 691
47 420
558 706
465 463
914 197
213 354
773 792
947 606
710 407
808 342
107 631
44 59
337 25
918 308
97 531
727 902
167 508
63 950
149 345
889 381
815 833
724 817
58 330
876 823
606 919
132 411
345 350
568 861
610 514
593 237
109 280
843 412
775 733
824 379
614 756
642 30
751 648
641 203
220 224
378 144
157 168
901 255
51 506
699 326
276 257
997 794
205 295
660 356
543 866
464 451
414 722
666 675
689 969
