124 845
578 968
565 308
529 961
522 188
848 133
548 663
929 517
514 204
250 979
104 263
44 78
973 191
385 984
932 576
87 188
999 969
645 777
883 660
778 169
608 983
19 60
323 415
559 264
212 918
265 525
418 183
256 256
210 54
355 771
595 516
744 668
656 749
97 494
14 281
817 605
379 208
899 383
880 488
971 322
885 206
738 553
365 282
757 114
692 679
840 788
595 160
246 215
824 881
319 941
949 886
992 585
518 48
269 654
945 457
449 384
849 340
215 400
457 971
319 644
829 778
300 67
57 487
212 317
932 243
66 237
502 377
876 122
283 434
823 59
731 842
263 429
565 476
267 286
577 421
262 951
210 966
938 915
397 476
533 634
749 13
978 664
901 515
141 280
82 993
57 279
722 718
811 31
56 621
904 375
706 880
971 473
811 306
212 442
504 636
28 655
507 257
320 48
537 710
851 162
376 743
128 499
866 963
525 702
124 482
617 706
698 291
975 138
491 950
858 834
120 705
522 634
970 226
611 391
207 806
478 122
98 113
825 471
241 122
543 128
586 93
723 138
128 44
918 388
666 521
