738 914
724 855
638 149
519 36
787 312
881 699
938 774
210 303
652 652
507 104
70 69
902 118
525 265
30 521
9 767
183 493
405 985
411 74
213 957
625 829
178 975
373 638
270 874
861 461
1000 687
691 630
159 391
954 279
181 750
80 292
352 270
725 86
351 23
311 970
1000 888
585 968
490 303
66 230
441 767
148 420
320 43
887 781
870 1
930 173
417 455
317 531
681 74
497 123
544 356
31 220
60 633
531 402
209 296
365 64
501 513
957 727
886 235
700 235
623 137
944 466
552 407
609 18
211 845
758 499
823 136
787 952
829 810
19 219
374 294
807 288
781 93
698 767
405 738
783 635
585 768
530 535
796 879
523 975
714 724
276 731
226 483
14 126
648 936
122 455
300 331
470 617
425 467
132 17
184 371
249 70
491 773
764 672
809 354
740 974
378 743
497 207
765 76
877 665
460 218
633 227
712 616
424 911
61 577
584 148
762 243
190 142
258 918
397 356
331 794
71 668
603 535
337 596
689 617
959 940
311 395
430 690
152 889
362 561
244 645
946 709
103 23
256 448
870 513
97 185
649 481
655 713
496 155
626 521
151 357
177 851
806 957
200 421
576 995
434 106
43 863
246 430
350 329
860 361
375 840
764 947
373 759
1 211
512 961
391 128
653 258
405 929
885 813
466 766
455 996
935 784
265 18
818 861
118 810
889 338
632 907
475 153
335 688
307 508
730 718
756 107
193 226
684 224
384 232
634 139
105 153
523 882
711 43
22 975
420 668
266 795
998 545
1 38
331 489
946 199
209 563
347 880
976 340
816 132
974 962
589 191
938 640
224 618
626 492
229 955
770 145
445 51
824 164
624 922
871 227
765 483
253 681
272 561
215 821
540 911
862 286
23 764
121 201
106 261
652 233
233 266
232 140
747 974
980 544
954 98
836 890
939 547
702 5
997 787
578 469
842 330
210 906
998 394
317 216
481 240
540 458
738 815
589 787
652 530
628 643
697 405
5 630
77 264
639 12
110 900
721 341
650 680
865 426
192 8
942 856
56 896
810 626
476 415
845 776
352 403
337 804
195 98
293 74
218 653
194 707
347 365
949 695
689 447
21 99
108 998
602 19
790 625
516 597
986 890
672 677
140 162
800 245
484 944
87 848
66 857
788 86
992 90
657 974
733 978
475 731
706 544
326 932
354 993
653 793
851 116
226 635
863 249
656 653
149 462
504 901
584 689
49 868
272 458
959 600
746 320
982 980
697 636
857 147
151 828
340 97
492 759
278 994
689 170
863 214
404 993
827 945
43 208
864 795
482 754
395 334
511 254
876 506
841 653
963 344
153 222
567 540
855 714
574 310
585 718
515 142
917 723
120 755
740 668
124 385
486 247
280 427
30 779
679 364
56 274
604 636
689 497
889 164
703 209
187 630
638 679
457 302
622 496
318 411
496 301
580 311
103 949
735 524
326 514
955 671
410 141
952 195
692 486
969 285
833 420
734 449
344 124
965 56
285 183
135 453
34 91
559 951
725 703
927 359
169 203
385 485
225 895
683 136
67 306
778 370
710 52
417 698
58 401
895 785
18 212
707 564
363 499
215 408
29 196
881 120
845 688
109 495
990 743
828 622
300 492
212 353
964 833
729 829
20 633
671 592
400 126
881 171
75 772
662 358
770 713
802 264
190 396
239 103
809 973
464 129
381 904
855 363
950 320
201 229
878 298
154 560
867 514
436 29
816 643
452 87
804 941
501 915
636 585
990 361
547 832
67 602
883 995
180 789
867 482
206 472
775 637
927 891
832 690
895 794
666 828
176 980
62 583
143 816
319 288
371 974
250 322
24 513
754 612
689 124
28 941
470 859
696 723
43 380
717 855
406 686
755 168
483 960
56 580
799 788
861 983
479 68
31 111
238 935
116 577
261 770
255 745
912 460
147 308
381 252
254 386
618 485
691 460
658 98
64 846
672 13
430 2
67 218
380 765
755 486
692 389
883 110
128 626
981 13
834 173
94 722
758 895
127 218
176 194
671 519
23 602
307 9
155 649
895 788
369 222
66 180
428 593
646 886
914 681
651 527
213 588
812 585
749 240
817 617
582 587
545 458
348 503
49 743
246 873
630 973
35 360
648 622
67 247
33 449
653 465
870 416
962 196
544 117
726 866
133 570
558 189
608 80
14 548
831 138
853 612
721 922
575 959
343 63
310 616
991 984
795 419
427 759
876 311
631 962
435 67
684 675
620 2
828 426
697 618
802 955
753 275
493 509
794 731
448 337
821 697
141 281
412 582
662 293
799 255
763 674
309 419
337 654
817 26
804 526
821 135
525 34
14 320
700 132
121 973
230 12
368 246
859 112
521 964
99 968
721 278
983 936
146 788
430 235
800 173
81 894
465 495
149 446
128 641
23 429
527 794
420 854
59 740
576 449
30 577
260 887
409 5
433 616
857 424
97 163
573 885
846 658
796 78
435 486
969 667
613 303
709 757
984 419
310 170
836 504
698 916
118 735
580 484
870 529
978 766
48 583
211 809
998 102
643 370
930 426
383 981
60 458
58 456
201 360
617 538
940 344
480 820
123 505
179 212
992 501
717 530
908 683
473 975
799 925
62 830
326 414
301 384
953 396
830 282
573 983
538 860
861 342
192 283
283 290
258 306
792 696
768 91
166 446
225 52
296 685
601 646
429 781
254 151
886 998
981 259
573 891
710 698
326 828
621 985
149 621
717 767
231 346
284 961
624 521
774 444
640 152
430 643
388 792
446 227
251 737
670 818
20 901
884 672
648 159
571 458
355 397
972 174
482 166
354 785
446 417
243 617
21 584
306 172
465 797
554 959
965 618
928 704
968 268
726 263
67 465
20 8
513 169
650 47
19 659
961 822
277 716
703 586
959 106
706 758
798 778
475 160
366 826
73 485
347 743
424 616
468 811
606 358
119 173
878 761
540 186
728 816
201 908
888 363
88 767
69 65
205 381
689 761
853 726
458 53
147 965
666 432
170 575
421 246
11 344
593 560
707 281
703 358
535 125
74 935
350 582
895 495
818 696
808 532
509 569
863 502
718 638
867 435
338 440
229 306
263 682
760 873
865 204
392 746
798 413
995 139
820 485
839 800
662 907
614 490
452 20
81 561
193 989
159 21
977 242
254 258
562 860
981 779
366 396
531 298
962 388
991 578
955 449
702 703
253 8
861 55
499 998
466 57
388 602
148 51
831 749
14 233
378 277
990 810
608 235
107 783
517 913
674 184
499 786
634 948
165 869
487 915
558 377
509 831
677 91
25 862
516 272
32 466
356 952
785 277
715 59
74 774
549 962
295 655
798 312
122 945
153 59
922 129
975 128
