161 413
58 126
16 158
834 639
262 187
56 665
349 513
581 742
805 337
341 112
135 403
774 543
878 741
988 173
655 587
255 500
642 937
451 911
197 153
607 308
975 699
200 764
435 510
340 227
35 166
100 317
420 45
48 670
27 747
174 249
379 467
589 45
337 99
495 898
753 616
170 641
844 462
321 280
234 945
310 24
790 178
255 972
923 800
149 1000
217 261
627 583
258 73
708 803
743 881
263 890
573 12
916 242
709 608
845 363
920 710
295 43
651 658
142 231
854 273
667 734
734 179
315 386
668 685
464 416
651 543
786 456
902 128
528 32
159 166
270 799
135 143
238 75
724 29
628 418
453 855
635 331
530 445
331 414
771 352
635 928
775 931
179 281
397 730
963 217
378 941
78 65
530 989
950 211
857 319
550 122
665 585
501 659
925 997
92 195
497 817
783 620
870 986
902 442
812 725
154 76
730 631
760 215
661 920
909 812
390 857
957 817
457 418
196 978
591 500
156 499
520 344
413 68
828 908
564 222
457 298
193 659
472 567
233 972
315 105
867 544
445 916
434 873
473 905
834 779
11 168
310 122
87 119
824 433
472 778
533 905
396 427
455 810
115 469
32 679
24 759
78 684
362 848
762 312
744 183
98 94
962 15
144 903
485 797
565 78
933 102
821 174
534 529
385 736
546 119
797 104
628 553
104 291
192 441
843 119
480 922
778 733
819 462
297 673
227 289
621 664
374 376
886 671
