164 179
612 432
635 327
201 792
574 1
798 384
557 692
223 783
33 105
691 935
565 795
932 444
311 62
459 725
241 398
815 547
119 652
302 682
128 422
816 832
199 26
595 987
894 77
195 327
757 198
421 855
609 948
873 119
957 450
221 467
947 899
412 114
817 572
221 901
119 311
647 325
925 871
684 329
420 126
525 357
405 931
359 876
594 821
29 22
526 632
406 781
311 718
876 186
754 581
234 414
315 328
974 421
287 366
736 871
400 273
407 394
224 893
938 824
562 726
903 440
462 457
384 481
384 128
732 287
679 626
874 689
35 158
194 801
600 198
624 540
817 980
477 418
811 82
182 170
988 189
976 29
262 281
543 364
164 276
348 120
628 131
759 873
46 426
894 101
887 150
795 891
148 911
873 843
670 550
2 265
368 805
542 67
9 80
409 279
603 495
232 857
136 708
832 416
822 540
330 144
8 508
223 113
448 151
526 898
147 265
551 751
871 343
952 636
234 212
210 723
826 778
896 960
320 961
634 467
552 906
216 675
929 664
744 652
248 453
438 515
966 718
750 404
838 216
894 413
901 605
857 469
13 567
833 403
434 10
142 198
72 972
57 704
777 92
692 678
890 5
102 260
269 500
392 286
305 543
775 641
53 497
957 751
786 556
682 869
929 119
417 815
45 724
853 968
35 917
67 116
874 201
292 656
912 621
179 984
645 394
547 968
596 476
298 310
268 836
154 596
633 610
175 643
326 974
324 514
980 370
