12119 0.835
75309 1.913
28238 1.353
30556 0.388
53305 0.832
74596 2.349
39192 0.466
60117 3.519
48466 2.188
15468 1.237
36808 2.038
9267 0.715
46561 0.714
97539 2.338
93337 2.412
50801 1.462
76462 1.201
93578 2.608
98897 2.227
61677 1.411
42887 0.668
75754 1.804
23210 2.293
48440 2.264
24697 1.445
83089 1.507
77743 2.935
28908 1.443
75647 1.180
88821 2.496
12618 0.208
6822 0.096
83765 2.136
73771 3.302
39198 2.190
64333 1.305
59591 1.024
80844 1.955
83517 1.561
20398 2.978
9723 1.309
19915 0.836
22272 0.529
110099 2.784
6621 1.899
70144 2.027
53154 3.602
60323 1.966
53463 1.823
32817 0.938
120776 2.961
73576 1.985
33408 1.327
29934 0.300
41390 1.731
60911 0.911
20353 1.280
15824 0.298
71503 2.009
35967 0.620
40496 0.430
89806 3.200
81706 1.627
70577 1.966
75303 1.398
41015 0.453
56957 1.423
45192 3.136
12164 0.348
36474 1.677
75736 1.778
103821 2.616
102972 2.907
6608 0.142
63820 1.365
47642 0.881
38953 0.408
18647 0.263
20891 1.321
8330 0.211
7612 0.193
23697 2.002
30350 1.758
10631 0.199
15093 0.124
93314 2.406
73391 3.297
42768 0.795
20059 0.849
38825 1.103
103839 2.614
42644 2.530
49308 1.130
89518 1.547
34653 0.491
59738 1.359
35767 2.286
40495 0.591
78870 2.180
41846 0.709
68631 2.445
56459 1.037
20391 0.289
64363 0.902
95844 2.609
93384 3.180
76359 1.533
34522 0.573
31137 1.650
57040 1.778
19867 0.278
74574 2.265
83480 2.083
14354 1.021
65809 1.485
92061 3.108
78650 2.261
64154 1.775
36234 1.609
36430 0.370
42706 1.749
25477 1.771
15092 0.532
58853 1.407
61540 1.483
38425 1.011
5995 0.126
11838 0.198
13725 1.103
67347 1.682
108172 3.191
72802 2.400
89625 2.403
34656 0.380
1474 2.178
22308 0.345
97182 2.965
62243 1.103
35962 1.841
55893 2.273
94303 2.297
63826 2.065
10030 0.627
27653 0.591
57308 1.991
15616 0.452
100361 2.695
34810 2.097
23916 0.565
22128 0.837
39704 0.741
100859 2.735
45252 1.858
30254 0.959
7599 1.748
64688 1.026
61936 0.896
26436 2.774
85031 2.252
4536 0.118
41676 0.977
8082 1.006
48359 0.696
22067 1.102
18987 1.120
29901 2.302
103066 2.558
47196 0.976
36552 2.123
44288 1.435
33238 0.591
17469 0.114
59119 2.186
27505 0.621
35144 2.112
64634 2.058
66072 1.471
96477 3.479
36388 1.152
19058 0.826
59400 1.956
64776 3.196
66198 2.137
40810 1.218
75078 1.449
32396 0.820
21227 0.138
67555 1.799
32122 0.269
54889 0.786
37375 0.443
88386 1.837
24812 0.227
87228 1.553
54244 2.200
42084 1.155
26625 2.823
62747 1.529
43342 0.614
48746 0.592
39401 1.165
75978 1.934
13701 0.969
46601 1.581
51230 1.029
2874 0.486
80045 2.064
19193 0.237
19331 1.286
52919 1.158
98097 2.530
46344 0.704
88600 3.494
71121 2.310
68016 1.965
79155 3.124
42196 1.497
9031 1.479
57357 1.227
72714 2.239
41950 0.924
29349 0.320
56698 0.801
70432 2.519
85903 2.474
32600 1.020
37924 1.510
24221 2.925
13345 0.674
28290 0.510
77234 1.513
18848 0.473
49462 2.033
48755 1.637
6567 2.574
41850 0.414
56951 1.908
15823 0.135
83838 2.457
42448 1.436
68558 2.465
49941 0.997
33910 2.931
95081 2.030
61511 1.063
48416 2.352
53031 0.660
44197 2.157
55886 1.072
51182 0.632
62212 2.768
72702 1.211
14923 0.150
64795 1.124
37317 1.074
10135 0.093
13865 0.110
100869 2.668
38899 0.598
25364 1.527
25213 0.278
79391 2.966
36444 1.436
50046 1.529
24271 0.302
55109 2.440
57882 1.539
55059 1.760
68435 2.452
77507 2.461
70921 1.760
86863 2.135
35930 0.745
23310 3.246
86438 2.053
59626 2.481
34293 0.811
109603 4.265
34508 0.353
38688 2.414
15504 0.139
68764 2.640
44386 2.699
84479 1.908
75858 2.124
89734 2.807
71913 1.919
45950 0.905
29773 0.431
20593 0.807
61012 12.415
40684 1.994
35967 1.509
17451 0.348
54760 6.147
32017 0.780
42919 6.317
12237 0.293
42876 8.740
63370 1.341
62759 2.226
15254 0.487
2144 0.972
20024 1.424
17751 0.129
67352 2.331
22981 1.806
75463 2.832
78917 3.342
29550 1.629
50070 1.076
27510 1.051
23950 0.428
91920 2.299
41179 1.658
71635 2.011
65915 2.311
85203 2.983
31343 0.547
47303 2.328
74278 2.569
74039 1.209
54573 1.874
62637 2.938
1462 0.506
8246 0.533
30478 0.352
107580 3.022
63605 2.360
18201 0.719
25194 0.287
28820 0.213
37901 0.563
88262 2.694
18313 0.517
81951 2.554
84443 2.018
60778 0.835
44988 2.139
24817 0.259
52469 0.899
72578 3.378
52876 2.208
83020 2.885
61395 1.346
66972 1.796
64897 2.551
29772 0.597
71911 2.429
72614 2.099
64712 0.872
47284 0.970
10634 0.086
79220 2.623
46699 1.787
42445 1.163
16169 2.629
11338 0.130
30121 0.569
35474 0.824
80267 2.329
80701 2.289
75229 2.059
54563 2.357
79215 1.600
42050 2.218
81816 2.171
7873 0.332
50189 1.353
55778 2.135
47873 0.767
27966 2.732
98431 2.979
38812 0.769
52202 2.264
37779 0.317
56806 1.010
11510 0.640
33384 0.701
19703 0.223
30218 0.227
67219 1.579
33507 0.266
54977 1.813
74688 1.255
63173 1.473
2349 0.004
80383 2.951
37254 1.808
32183 0.646
53486 0.735
25170 2.310
15673 0.201
56893 2.605
28897 0.434
102041 2.916
105371 2.981
34638 2.561
36819 0.358
39269 2.091
22876 1.787
65102 0.966
30631 0.269
7042 3.006
14166 0.126
50338 0.777
85076 1.533
26918 0.427
95174 3.225
72255 1.525
14737 0.207
26275 1.556
35039 1.307
64865 1.459
17598 0.210
79795 2.352
19275 0.155
61089 0.761
48623 0.977
49244 1.680
68761 1.907
91581 2.460
17867 0.399
56504 1.160
18368 0.734
62372 1.110
63702 0.934
34532 0.929
62369 0.848
32463 1.996
28482 1.663
76906 1.753
38843 1.250
64776 1.066
60958 2.167
23758 1.318
39606 2.522
70478 2.244
3343 0.152
55822 1.044
16646 0.667
70694 2.071
54801 1.009
68289 2.657
90577 4.406
67723 2.711
31794 1.295
65264 1.707
52906 3.432
63191 0.989
40824 1.525
55789 0.782
4625 1.356
47730 2.323
22153 1.915
59651 2.147
94641 2.509
78779 1.729
57535 1.492
26718 0.321
64327 1.093
47019 1.690
43622 1.208
67262 2.974
107129 2.552
34527 1.641
33752 0.539
86837 2.800
54058 2.408
42060 1.010
96666 2.546
85563 2.214
51754 2.868
48303 1.366
25854 0.230
92583 1.964
56359 1.166
14740 0.601
69602 1.424
47345 2.520
78601 2.667
88621 2.544
52833 0.753
103085 2.719
30996 1.535
52699 2.059
73414 2.048
58997 1.623
42953 2.415
32745 1.046
32252 0.647
13927 0.435
31417 2.312
12279 0.485
38674 1.874
32804 1.650
69515 1.217
64920 3.027
61628 2.447
97042 2.875
85758 2.447
37500 1.241
37680 0.372
49912 1.156
89976 2.661
36714 0.484
35893 0.494
35349 1.943
47741 1.281
63942 1.973
81592 2.505
54161 1.434
39669 2.564
7812 1.328
22539 0.828
98645 2.824
19847 0.131
46317 1.987
61045 2.765
56930 0.690
3195 0.008
78498 3.016
41535 1.317
34476 0.387
88353 2.693
47300 0.863
12926 2.581
89297 2.669
20951 0.753
29395 0.759
34532 1.375
64809 2.628
19712 0.296
48682 1.099
32434 1.647
42204 1.729
30674 0.345
53000 2.566
60515 0.998
54014 2.766
18188 0.843
87202 2.301
21665 0.135
27401 0.612
91856 2.397
67844 1.732
35001 0.418
16362 0.430
41214 0.874
58983 0.902
21470 0.186
20120 2.705
60626 2.259
30606 0.780
29781 1.389
24771 0.920
9080 0.125
94500 1.993
67303 1.968
73588 2.841
12720 0.184
96157 2.239
59675 1.124
79924 2.272
41731 2.013
18079 1.560
43565 0.801
31358 0.391
85168 2.617
16693 0.186
10060 0.352
93709 2.627
74921 1.642
106378 3.201
48621 1.893
20422 0.582
33123 0.960
26021 1.603
27420 2.117
38243 0.611
67956 1.385
61300 2.626
56656 2.430
76424 2.092
53713 2.819
32076 1.450
32734 1.514
50809 1.099
16573 0.590
62380 1.051
38646 0.432
27051 0.463
58435 1.404
55414 1.122
63208 2.973
51605 0.564
34382 0.468
52304 2.408
38880 0.480
84883 3.937
77816 3.271
10913 0.827
97104 2.995
48020 1.288
81119 3.362
56636 2.590
58747 0.984
118008 2.866
51902 2.453
45015 0.886
86934 2.367
53191 1.223
27301 1.830
102001 2.570
55469 2.323
19604 1.156
61559 2.022
51934 0.459
70666 2.267
73027 1.221
49939 1.844
31052 1.556
45983 2.155
68748 1.422
23958 1.131
19385 2.082
61148 2.801
10768 0.151
24352 0.672
9796 2.516
24704 0.579
21898 1.325
76593 2.001
6255 1.052
23813 1.667
41047 2.231
60686 1.371
34919 0.710
39959 0.561
18618 0.684
38425 0.394
17285 0.160
33112 1.254
35078 0.996
34421 2.535
21560 0.153
60487 3.338
93502 2.735
42496 1.986
27653 0.205
58409 2.805
80173 2.384
94902 3.195
33638 0.367
13717 0.208
65084 1.152
32766 1.349
41133 0.676
45192 0.983
102113 2.552
51737 0.633
48960 0.760
74278 1.477
19315 1.378
71696 1.185
33818 0.390
66502 2.430
36103 0.777
48482 3.732
67561 1.349
82705 2.371
69817 2.219
96008 2.845
23623 2.642
38830 0.422
8697 0.113
51514 3.313
35594 0.973
55742 1.237
82924 1.937
95495 1.933
29837 2.549
94576 2.063
79661 1.972
102879 2.670
68928 2.004
69590 1.388
20658 2.135
40426 0.832
96684 2.514
15685 1.460
80736 1.617
25968 0.708
83993 3.370
74504 1.371
24537 0.320
35869 0.586
31481 2.408
70222 1.982
54262 0.767
24103 0.434
20700 0.264
71073 2.702
61172 1.526
62340 1.067
74874 2.053
30566 0.325
68953 1.667
41499 0.402
67977 1.735
27574 1.393
71684 1.576
63309 1.737
34884 2.854
64070 1.152
46590 2.874
111577 2.921
29728 1.053
70587 1.232
18868 1.092
36165 0.396
48714 1.172
23082 0.642
52563 1.338
45478 0.479
25700 1.804
17353 0.889
42069 0.833
22977 0.517
60203 0.841
72971 2.902
35855 1.220
62817 2.713
49903 0.525
41267 0.794
33305 1.524
51234 1.794
27031 0.257
19113 0.260
44043 0.778
99096 3.511
42202 0.667
95937 2.537
34113 0.676
62265 2.497
18572 0.331
73703 1.890
38374 1.522
38499 2.816
34467 0.313
5857 1.617
31578 2.831
51097 3.665
27586 0.319
33728 0.921
19139 0.299
74909 5.076
63622 1.945
64408 1.149
47270 0.634
47902 2.944
30602 0.649
91305 2.967
44739 1.277
92788 2.579
59347 2.147
92882 2.110
54647 0.669
48840 2.112
61262 2.917
61712 2.406
102171 2.220
88060 2.182
26741 0.637
48622 6.727
17804 0.270
23474 0.384
23077 0.231
30577 0.383
3245 0.494
4884 0.506
81242 2.752
72246 1.602
13456 0.177
34062 2.989
83493 2.103
59812 1.562
46439 0.456
13564 0.259
25510 0.803
88434 2.105
53366 0.806
54518 1.592
13461 1.532
44657 0.899
49853 2.090
36164 0.353
45501 2.987
46305 0.992
42081 2.005
42329 1.652
11414 0.264
46226 0.606
72772 1.544
83385 2.282
71915 1.667
48706 1.152
57978 0.731
9733 0.449
25913 0.176
57364 0.967
61620 2.346
73510 1.984
10720 0.092
7137 0.504
23742 4.501
31015 0.719
76242 7.742
36276 2.047
44778 2.636
61479 5.661
91217 3.909
68686 2.244
26213 1.195
15120 0.519
69653 5.490
25313 4.478
48818 1.802
38850 1.660
27760 7.974
12041 2.730
38023 0.426
47965 2.009
71780 4.266
82833 7.222
41608 1.879
41610 1.753
48951 6.867
74339 2.074
34472 1.471
34128 4.446
20704 0.575
58243 1.656
96760 5.122
51596 2.491
56955 3.258
19566 0.395
49585 1.434
46671 1.309
97755 4.356
40099 5.620
12083 0.145
58474 1.541
8896 7.610
10180 0.394
97177 4.754
37704 1.408
24874 1.715
92516 7.168
40786 2.819
19878 0.199
82271 4.760
97217 4.869
58337 0.813
90873 5.575
80835 4.084
54675 0.678
187 0.638
56972 0.797
65142 2.857
24430 0.417
54769 1.556
28115 1.666
59143 0.983
64241 2.675
6762 0.134
91179 3.003
40242 1.642
66740 1.408
15191 0.143
65822 1.631
51471 3.187
45474 1.144
71485 5.376
77765 2.540
7444 0.011
78948 3.577
80000 2.707
21295 0.732
29563 0.464
79914 2.492
30276 8.193
58359 3.159
14694 0.600
11131 3.137
38987 1.001
30157 1.996
55287 2.348
63811 1.068
35279 1.058
71798 2.702
43552 0.414
34790 0.759
78587 2.167
34027 2.185
108664 2.669
47046 1.961
26849 0.497
35017 1.836
12127 1.862
62068 1.967
98710 2.578
56459 1.829
74522 1.457
30596 1.341
11289 0.620
47731 0.749
70680 2.335
81303 2.446
75628 2.345
27537 0.892
31309 1.975
34306 3.051
33995 0.736
52524 0.855
102046 6.436
90131 6.727
64207 1.618
65161 1.696
28890 0.279
97437 2.957
66565 1.677
23353 0.634
18327 1.899
67704 1.571
82060 2.855
54329 0.787
54222 2.156
38551 0.748
47036 0.659
60291 1.299
89586 4.281
17073 1.273
94858 2.643
50704 0.552
42330 3.123
45172 0.719
72372 2.005
29863 0.398
51518 0.887
69290 1.216
55693 0.926
85511 5.543
63329 2.095
45447 2.116
67645 5.379
42636 4.600
35786 0.789
39743 1.079
74489 2.047
21975 0.428
32918 0.572
73761 1.897
12098 0.769
85218 2.978
107932 2.705
16656 0.420
50695 0.771
36285 2.070
34523 0.426
44720 0.792
42290 0.546
22711 0.233
18711 0.117
69963 1.631
97122 2.986
42654 0.466
95180 2.986
14554 1.521
47987 0.951
57932 1.726
23596 0.368
60965 0.899
42772 0.591
55555 0.956
97576 2.794
39261 0.644
74769 2.160
37033 1.370
62476 2.454
71170 1.608
9325 0.231
12201 1.862
17418 2.732
71595 7.055
66158 1.223
10471 0.102
93494 3.266
61906 3.760
49668 1.563
