12119 3.237
75383 563.647
28238 26.782
30556 19.595
53343 221.105
74692 1116.821
39215 91.639
60181 516.340
48466 158.359
15503 8.997
36850 61.971
9267 1.480
46604 141.284
97586 864.505
93392 780.297
50838 254.039
76531 624.304
93645 3393.845
98945 1227.030
61701 308.182
43004 124.666
75759 367.375
23327 17.476
48475 370.576
24697 29.054
83156 838.935
77884 627.156
28908 41.308
75717 651.354
88904 863.788
12741 3.850
6855 1.245
83827 590.537
73771 563.739
39198 46.655
64492 299.595
59675 331.578
80856 514.375
83520 563.943
20398 9.767
9785 2.281
19915 37.717
22378 18.742
110099 1399.011
6697 0.945
70144 319.728
53225 127.628
60355 259.274
53478 235.209
33011 76.738
120789 1720.061
73639 360.072
33440 70.340
29968 26.787
41422 126.789
60987 343.058
20395 13.577
15898 4.546
71503 441.928
36010 94.787
40496 121.727
89914 899.644
81781 601.224
70691 306.350
75349 515.568
41132 112.642
57025 285.267
45268 55.015
12275 3.707
36491 33.734
75767 593.787
103837 1113.214
102972 1073.224
6608 0.339
63820 296.142
47642 136.558
38974 109.339
18689 9.986
21046 14.046
8466 1.608
7693 0.781
23793 10.420
30383 25.387
10857 1.220
15140 7.100
93353 736.991
73482 492.702
42871 89.652
20071 17.313
38868 78.951
103852 1178.812
42709 101.327
49330 166.117
89547 603.729
34725 55.751
59738 221.756
35769 95.107
40495 169.657
78870 641.168
41846 96.807
68665 379.327
56491 641.598
20413 43.066
64418 335.060
95896 1480.167
93427 1125.933
76359 623.387
34522 87.062
31155 33.234
57040 321.521
19867 9.968
74574 598.888
83507 590.052
14602 2.479
65876 488.013
92150 711.931
78686 540.134
64210 213.743
36301 29.775
36506 74.343
42713 114.613
25479 15.283
15092 7.208
59022 187.404
61540 191.237
38425 102.008
6037 0.278
12060 9.304
13725 5.689
67381 262.060
108197 1614.816
72827 579.526
89653 828.044
34712 116.175
1474 0.179
22308 34.261
97194 1854.838
62243 411.691
35962 66.126
55950 265.947
94321 1191.634
63826 638.831
10030 1.227
27689 41.803
57308 159.539
15675 7.782
100449 2008.888
34851 179.204
23916 40.249
22184 22.055
39704 202.462
100945 2700.103
45252 194.021
30430 157.669
7599 2.871
64757 940.314
61982 480.443
26519 66.753
85103 1041.313
4536 0.658
41676 80.246
8137 3.700
48503 209.573
22103 14.614
19006 13.275
29996 28.952
103073 1685.974
47205 195.272
36607 60.218
44450 88.685
33355 92.226
17588 6.164
59180 158.224
27505 41.885
35261 49.005
64634 451.280
66186 361.077
96477 818.456
36498 112.280
19058 25.440
59447 307.458
64818 210.538
66242 326.822
40888 70.120
75195 367.810
32416 63.581
21227 9.654
67627 306.289
32157 47.958
54958 184.509
37375 294.910
88401 1423.716
24881 12.127
87282 635.767
54314 310.385
42105 83.424
26710 18.264
62747 302.904
43428 115.936
48782 145.952
39429 59.807
76025 615.875
13715 4.979
46668 212.392
51301 425.489
2905 0.421
80150 810.578
19252 8.758
19343 9.144
52945 212.454
98142 1478.011
46344 89.977
88617 717.006
71130 636.128
68131 516.022
79155 1282.515
42196 150.535
9031 3.218
57500 226.833
72714 520.595
41956 105.327
29435 38.980
56698 222.197
70456 526.436
85903 927.070
32600 46.132
37924 44.681
24285 14.864
13345 3.087
28403 36.125
77308 668.142
18852 11.221
49553 126.282
48854 149.380
6581 2.932
41992 150.117
57021 170.474
15964 7.488
83838 479.522
42612 110.467
68616 377.770
49972 153.837
33910 34.338
95201 781.789
61527 275.860
48509 105.499
53031 186.178
44220 165.637
55886 277.949
51200 190.702
62212 359.213
72740 517.394
15004 6.966
64856 396.641
37412 61.164
10135 2.578
14267 2.314
100919 696.898
39030 83.361
25439 29.345
25314 24.608
79395 646.632
36444 50.093
50110 133.237
24331 18.822
55168 169.444
57930 310.845
55065 237.950
68439 594.156
77552 593.075
70921 426.556
86931 723.644
35974 50.970
23385 13.596
86566 637.351
59680 232.188
34345 31.065
109653 1329.994
34573 75.040
38933 47.741
15647 6.314
68764 415.931
44464 70.047
84539 521.206
75902 484.995
89851 758.762
71938 435.099
45950 166.853
29929 88.767
20673 14.342
61026 262.869
40704 86.758
35998 58.049
17451 5.131
54760 108.627
32047 75.356
42919 89.761
12508 2.721
42986 143.141
63370 348.627
62807 319.067
15462 3.789
2144 0.140
20024 10.941
17870 5.534
67418 250.238
23062 27.915
75511 421.818
78917 411.093
29623 25.822
50070 165.153
27510 30.280
23959 37.788
91955 1056.675
41191 178.264
71667 523.742
65989 194.654
85239 624.657
31343 49.384
47348 105.573
74362 537.049
74239 325.965
54598 209.906
62711 206.271
1462 0.101
8409 2.124
30537 85.964
107643 1331.949
63605 255.460
18245 6.567
25315 29.895
28910 16.735
37913 58.045
88316 925.619
18388 4.902
81988 644.311
84443 643.314
60802 253.651
45018 172.289
24901 21.172
52529 201.112
72636 503.602
52876 121.595
83020 648.486
61579 321.032
66983 403.766
64922 222.964
29772 63.101
71957 336.489
72683 400.426
64780 320.167
47441 115.297
10643 2.373
79220 734.380
46773 127.536
42445 140.561
16169 7.648
11338 1.976
30144 36.336
35577 61.347
80279 869.460
80780 494.360
75229 470.741
54651 241.512
79368 475.595
42092 133.240
82016 537.958
8012 0.979
50272 246.851
55946 369.145
47922 126.635
27966 19.220
98451 844.432
38812 76.800
52202 168.263
37848 68.205
56909 311.295
11510 2.312
33384 101.775
19703 39.441
30272 25.332
67288 420.550
33661 217.486
54991 172.629
74765 723.951
63173 275.692
2509 0.587
80383 540.423
37278 102.807
32183 50.042
53486 221.517
25170 18.875
15966 4.895
56907 227.724
28999 52.957
102088 1453.036
105471 2754.969
34638 109.690
36825 51.744
39388 44.097
22931 14.932
65129 249.324
30768 40.372
7042 1.402
14166 2.953
50338 165.180
85164 420.225
27009 34.181
95225 821.536
72405 418.646
14861 4.715
26342 14.648
35039 29.471
64921 247.895
17681 7.511
79818 538.661
19275 8.511
61122 217.216
48623 152.520
49285 93.329
68761 248.895
91657 753.684
17868 5.923
56558 184.836
18471 11.609
62372 315.236
63778 243.947
34537 58.060
62369 239.626
32467 40.269
28499 24.568
76930 436.169
38869 64.623
64864 321.456
60958 177.962
23834 30.707
39720 70.378
70539 313.091
3343 0.259
55861 186.274
16772 5.453
70700 338.396
54871 191.874
68289 259.268
90599 776.285
67723 318.435
32009 40.884
65264 208.375
52935 154.378
63241 262.088
40965 73.499
55851 191.957
4625 0.436
47794 136.246
22296 13.669
59651 159.911
94647 891.846
78813 496.490
57559 235.425
26905 32.806
64523 283.887
47061 125.801
43622 83.069
67279 225.374
107200 887.522
34587 46.208
33786 52.610
86849 653.689
54125 158.434
42238 103.820
96704 590.585
85574 611.257
51754 90.820
48427 113.732
25896 13.182
92583 624.722
56397 223.955
14765 3.411
69602 348.861
47400 138.869
78605 326.035
88621 755.731
52921 177.586
103208 693.304
31226 22.149
52725 137.374
73508 372.744
59004 229.575
42953 72.337
32745 35.803
32362 36.825
13927 1.850
31447 37.620
12459 2.596
38674 49.905
32840 33.288
69569 337.395
64920 242.673
61782 205.280
97107 617.128
85789 671.771
37580 111.288
37680 111.211
49912 140.665
89999 743.695
36734 90.133
35928 44.040
35370 43.378
47741 119.566
63942 280.563
81632 515.105
54161 221.358
39708 76.837
7848 1.377
22712 12.470
98693 1171.842
19847 7.063
46386 92.296
61193 357.080
57057 228.087
3322 0.148
78498 400.046
41535 97.590
34574 56.520
88402 584.434
47420 101.997
13127 4.721
89329 545.319
21010 10.167
29395 42.441
34694 49.726
64834 235.233
19802 9.307
48766 101.840
32434 17.361
42233 107.376
30701 42.727
53111 124.120
60515 252.620
54036 158.392
18188 5.443
87230 503.745
21765 11.602
27401 52.663
91991 801.665
67899 278.091
35171 94.280
16362 4.885
41285 97.083
59051 211.725
21492 17.256
20228 17.464
60666 250.170
30639 49.484
29820 24.432
24883 23.736
9179 2.433
94551 599.215
67402 244.119
73638 329.542
12826 2.337
96162 601.476
59687 217.969
79988 484.365
41731 97.420
18086 9.737
43575 110.945
31491 48.833
85302 544.610
16864 10.184
10107 1.429
93804 709.134
74960 318.429
106385 945.936
48621 483.246
20550 8.677
33123 61.083
26141 22.568
27423 22.991
38288 85.629
68002 739.647
61300 455.183
56749 234.416
76459 497.530
53830 271.683
32139 50.387
32757 61.174
50904 202.777
16742 12.744
62417 251.877
38722 139.942
27051 21.622
58510 259.458
55414 297.520
63269 200.743
51629 165.937
34409 103.112
52471 121.646
39012 70.776
84901 621.504
77863 503.292
11113 3.511
97155 914.577
48024 223.520
81162 525.727
56670 187.750
58747 327.831
118083 1461.757
51949 194.404
45015 79.308
86934 643.428
53311 168.330
27301 31.019
102012 999.233
55490 179.537
19651 21.785
61573 301.890
51956 110.357
70742 388.906
73108 300.634
49939 221.868
31086 156.721
46046 153.130
68813 520.477
24078 16.096
19404 7.301
61148 317.677
10768 2.276
24482 26.785
9838 2.254
24833 11.583
22013 16.725
76648 555.801
6255 1.030
23818 16.606
41067 114.389
60706 661.745
34987 50.659
39972 99.853
18626 9.008
38503 78.808
17292 9.736
33287 55.711
35078 45.115
34512 38.832
21618 12.671
60487 144.111
93502 865.279
42515 59.280
27673 14.907
58429 838.422
80173 974.677
94940 606.211
33728 35.253
13812 3.646
65123 459.391
32794 41.325
41133 143.715
45259 109.353
102131 1050.914
51904 155.224
48960 186.690
74299 413.477
19315 11.769
71825 378.281
33852 57.136
66536 231.504
36121 86.935
48522 95.043
67592 297.369
82705 448.897
69835 395.084
96047 890.811
23792 18.054
38873 93.462
8881 2.219
51514 165.002
35751 52.816
55848 188.951
82961 472.246
95613 925.652
29879 33.894
94643 738.164
79693 848.572
102909 1135.390
68928 426.218
69742 346.780
20666 8.618
40634 85.939
96730 836.452
15913 5.051
80752 897.700
25973 50.324
84049 540.585
74512 322.858
24552 21.590
35991 116.327
31481 31.935
70222 401.654
54339 213.481
24267 12.393
20759 11.252
71158 376.023
61313 246.056
62390 293.936
74951 401.073
30567 23.254
69135 219.303
41499 79.770
68127 299.326
27574 16.460
71760 297.364
63328 206.232
34893 47.734
64070 270.190
46590 109.364
111584 1305.154
29728 36.782
70595 309.496
18937 5.680
36298 42.859
48777 95.707
23295 86.779
52663 332.297
45518 173.974
25870 34.730
17548 3.199
42069 176.838
23051 28.964
60234 194.680
73084 636.498
35887 61.285
62817 454.828
49931 179.348
41568 89.941
33393 136.977
51275 374.683
27092 33.619
19135 14.419
44090 188.186
99098 1354.793
42260 88.375
96016 790.880
34128 62.623
62316 195.707
18572 10.991
73745 399.837
38374 81.991
38645 59.852
34529 58.318
5857 2.383
31729 29.473
51097 148.737
27629 17.946
33798 41.622
19359 13.073
74921 330.970
63695 230.108
64408 231.584
47312 144.764
48025 112.632
30606 57.638
91305 725.054
44849 84.605
92855 714.787
59385 249.127
92993 594.948
54728 182.056
48845 138.814
61268 185.053
61947 195.468
102282 722.346
88099 489.537
26807 31.238
48695 114.459
17947 9.104
23492 24.495
23087 9.698
30611 34.851
3245 0.510
4884 0.329
81242 337.489
72303 419.644
13604 3.716
34097 51.450
83495 492.872
59840 263.572
46520 89.079
13564 6.135
25519 19.141
88449 640.285
53366 130.410
54518 224.229
13540 4.530
44730 119.898
49854 121.092
36164 82.152
45534 96.513
46329 122.453
42081 80.693
42400 79.259
11576 2.258
46395 138.929
72795 421.362
83387 497.494
71958 293.415
48757 178.678
58064 232.768
9759 2.176
26181 15.158
57389 201.015
61634 153.397
73586 600.486
10720 1.805
7236 4.424
23963 32.245
31117 90.827
76256 379.149
36276 41.425
44820 87.893
61561 170.528
91217 793.097
68700 379.070
26258 55.903
15210 4.862
69653 352.337
25425 16.182
48875 122.190
38911 81.542
27760 24.614
12041 2.043
38164 67.481
48024 185.535
71872 374.006
82907 582.045
41642 66.162
41682 79.429
49055 134.986
74510 400.584
34537 68.504
34144 34.338
20738 19.628
58243 175.054
96761 999.127
51624 204.753
56975 219.907
19766 9.693
49688 215.451
46738 202.869
97826 1108.459
40099 123.760
12083 3.776
58502 278.146
8984 2.312
10477 1.945
97177 952.607
37708 66.921
24874 21.198
92564 1319.583
40795 133.858
20136 11.361
82271 737.172
97242 963.114
58376 232.523
90886 877.841
80842 466.132
54758 273.395
187 0.066
56977 209.521
65172 305.725
24507 26.681
54776 121.923
28131 19.806
59173 232.098
64252 276.653
6762 1.727
91212 701.615
40350 39.175
66752 507.343
15243 5.420
65883 277.686
51720 139.514
45589 99.898
71541 367.356
77765 565.367
7566 1.102
78948 353.939
80096 602.743
21295 29.002
29618 30.304
79965 353.814
30368 16.779
58401 265.847
14865 6.997
11302 3.794
39044 70.003
30157 23.081
55341 268.877
63843 281.526
35279 54.805
71813 340.788
43556 172.863
34834 98.595
78640 589.772
34083 53.988
108686 1098.122
47111 128.295
27039 53.260
35282 67.659
12268 7.351
62079 288.435
98747 829.767
56485 226.765
74522 286.754
30783 59.740
11289 6.291
47761 192.231
70771 424.201
81388 874.724
75669 550.951
27609 31.456
31589 56.024
34383 45.472
34074 74.993
52524 166.083
102060 1095.532
90158 705.231
64280 295.536
65213 332.310
29020 53.661
97437 1582.564
66599 360.225
23400 18.098
18327 4.042
67726 406.155
82062 852.191
54418 255.161
54331 287.856
38619 70.794
47201 240.739
60319 321.403
89614 676.803
17078 9.616
94997 960.746
50708 149.902
42397 72.866
45173 221.657
72456 445.261
29888 28.088
51571 311.707
69390 328.008
55693 287.003
85521 883.942
63349 219.469
45602 138.378
67738 362.115
42636 41.271
35927 93.168
39743 366.739
74540 476.148
21994 35.907
32918 84.073
73761 682.948
12170 2.155
85271 780.106
107990 1369.600
16656 4.907
50809 157.700
36353 92.426
34635 73.372
44723 249.945
42380 102.347
22757 16.864
18818 7.948
69963 463.012
97204 1197.394
42855 96.677
95192 910.381
14658 5.111
48012 180.614
57932 293.754
23596 21.547
60983 436.108
42857 243.365
55614 599.824
97626 1238.033
39289 103.529
74791 516.353
37079 54.110
62476 232.950
71223 356.327
9325 1.916
12214 3.994
17882 6.805
71635 520.502
66191 248.273
10471 1.562
93498 1329.487
61906 250.686
49710 144.520
